0 0.9969178057909355 0.0030821942090645863 0.0 0.0 20084301075199.74 
1 0.9965349264174854 0.002445934293539695 0.0007193924392763806 0.0002997468496984921 20110508877575.715 
2 0.9963070975749381 0.0018823990503324135 0.0010649566166760624 0.0007455467580535999 20110508877575.727 
3 0.9960222217893688 0.0015380679758804224 0.001199303172483441 0.00124040706226718 20110508877575.754 
4 0.9957008472082224 0.0013260680064498972 0.001230051494909185 0.00174303329041855 20110508877575.8 
5 0.9953640640632636 0.001187349810716925 0.0012120381293625239 0.002236547996656924 20110508877575.668 
6 0.9950261691766753 0.0010886377434555685 0.0011716939686346732 0.0027134991112343397 20110508877575.73 
7 0.9946956360523349 0.0010121798420057316 0.0011217785489370782 0.00317040555672234 20110508877575.7 
8 0.9943769910247119 0.00094864817382678 0.0010685493040050243 0.0036058114974563175 20110508877575.82 
9 0.9940723080603234 0.0008931380197083342 0.0010151064460225585 0.004019447473945635 20110508877575.652 
10 0.9937822286979405 0.0008430422663967899 0.000962973962169055 0.004411755073493533 20110508877575.66 
11 0.9935066124029439 0.0007969431318631617 0.0009128701669165883 0.004783574298276306 20110508877575.727 
12 0.9932449305928267 0.000754038392163669 0.0008650954977077594 0.005135935517301867 20110508877575.746 
13 0.9929964932927123 0.0007138456162854766 0.000819733007190527 0.00546992808381178 20110508877575.73 
14 0.9927605716188302 0.0006760503090741581 0.0007767541079224793 0.005786623964173031 20110508877575.727 
15 0.9925364583304742 0.0006404282021709822 0.0007360750577172936 0.006087038409637436 20110508877575.65 
16 0.9923234933488595 0.0006068055343991574 0.0006975872797746809 0.006372113836966463 20110508877575.746 
17 0.9921210706478952 0.0005750386702992676 0.0006611735587631858 0.00664271712304237 20110508877575.645 
18 0.9919286361046655 0.0005450034982249671 0.000626716527988858 0.0068996438691206535 20110508877575.715 
19 0.9917456816524702 0.0005165897481685664 0.0005941029259636118 0.007143625673397531 20110508877575.81 
20 0.9915717385355616 0.0004896977810535881 0.0005632255350524449 0.007375338148332397 20110508877575.707 
21 0.991406370998884 0.0004642366283802648 0.0005339838649949161 0.007595408507740827 20110508877575.777 
22 0.9912491709390552 0.00044012267913640823 0.0005062841754332867 0.007804422206375137 20110508877575.703 
23 0.9910997536250465 0.00041727871834796465 0.00048003916966670975 0.008002928486938966 20110508877575.754 
24 0.9909577544011315 0.00039563317243125417 0.00045516754394648223 0.00819144488249073 20110508877575.734 
25 0.9908228262098311 0.00037511948928021225 0.0004315934925506162 0.008370460808338186 20110508877575.723 
26 0.9906946377597843 0.00035567561557095853 0.00040924622100848006 0.008540440403636327 20110508877575.78 
27 0.9905728721794257 0.00033724354996282694 0.000388059492738823 0.008701824777872605 20110508877575.668 
28 0.9904572260239425 0.00031976895848160025 0.0003679712192421926 0.00885503379833387 20110508877575.746 
29 0.9903474085310772 0.00030320084207873833 0.00034892309580346163 0.00900046753104054 20110508877575.824 
30 0.9902431410467216 0.0002874912483607676 0.0003308602804738156 0.009138507424443732 20110508877575.75 
31 0.9901441565623591 0.00027259502075956864 0.00031373111219562614 0.009269517304685795 20110508877575.688 
32 0.9900501993231497 0.0002584695793824284 0.000297486863296401 0.00939384423417134 20110508877575.76 
33 0.989961024478205 0.00024507472860292747 0.0002820815216184948 0.0095118192715735 20110508877575.785 
34 0.989876397754054 0.00023237248718365188 0.0002674715979250383 0.00962375816083714 20110508877575.74 
35 0.9897960951391573 0.0002203269373734062 0.00025361595473442585 0.009729961968734858 20110508877575.707 
36 0.9897199025721428 0.00020890408999712888 0.00024047565327729582 0.009830717684582768 20110508877575.734 
37 0.9896476156297844 0.00019807176305674563 0.00022801381578501967 0.009926298791373816 20110508877575.742 
38 0.9895790392129619 0.00018779947178909935 0.00021619550078165884 0.010016965814467364 20110508877575.76 
39 0.9895139872302925 0.00017805832848813639 0.0002049875894523556 0.010102966851767039 20110508877575.797 
40 0.9894522822800027 0.00016882095069966583 0.00019435868150116344 0.010184538087796355 20110508877575.758 
41 0.9893937553311153 0.00016006137664567726 0.00018427899919431056 0.010261904293044875 20110508877575.688 
42 0.9893382454052541 0.0001517549869392982 0.0001747202985184529 0.010335279309288013 20110508877575.73 
43 0.989285599260458 0.00014387843181765304 0.0001656557865739105 0.010404866521150491 20110508877575.727 
44 0.9892356710783267 0.00013640956325485656 0.00015706004447783742 0.010470859313940695 20110508877575.72 
45 0.9891883221557478 0.00012932737142652088 0.00014890895517748315 0.010533441517648123 20110508877575.746 
46 0.9891434206022863 0.00012261192508530082 0.0001411796356746841 0.010592787836953898 20110508877575.703 
47 0.9891008410441794 0.00011624431547802919 0.00013385037324411818 0.010649064267098456 20110508877575.676 
48 0.989060464335721 0.00011020660349234733 0.0001269005652933171 0.010702428495493476 20110508877575.715 
49 0.9890221772786564 0.0001044817697669321 0.00012031066256518439 0.010753030289011577 20110508877575.78 
50 0.9889858723500845 9.905366753684508e-05 0.00011406211542629425 0.010801011866952363 20110508877575.66 
51 0.9889514474392241 9.390697801580127e-05 0.0001081373230186595 0.010846508259741471 20110508877575.746 
52 0.98891880559329 8.902716814183256e-05 0.00010251958508055474 0.010889647653487657 20110508877575.766 
53 0.9888878547726311 8.440045053292659e-05 9.719305626470157e-05 0.01093055172057123 20110508877575.78 
54 0.9888585076151912 8.001374551581154e-05 9.214270280078626e-05 0.010969335936492177 20110508877575.727 
55 0.9888306812102788 7.585464510472255e-05 8.735426136462782e-05 0.01100610988325191 20110508877575.746 
56 0.9888042968815789 7.191137881842096e-05 8.281420002907892e-05 0.011040977539573624 20110508877575.76 
57 0.9887792799792812 6.817278123330931e-05 7.850968118247238e-05 0.01107403755830307 20110508877575.676 
58 0.9887555596811588 6.462826117865461e-05 7.442852630945213e-05 0.011105383531352946 20110508877575.688 
59 0.9887330688024029 6.126777248688889e-05 7.05591825368099e-05 0.011135104242573485 20110508877575.74 
60 0.9887117436139835 5.808178621801887e-05 6.689069085361462e-05 0.011163283908944846 20110508877575.74 
61 0.9886915236692982 5.506126428244597e-05 6.341265592078151e-05 0.011190002410498591 20110508877575.758 
62 0.9886723516388413 5.2197634391205144e-05 6.0115217390402415e-05 0.011215335509377075 20110508877575.734 
63 0.9886541731526293 4.9482766266787596e-05 5.698902265975818e-05 0.011239355058444058 20110508877575.727 
64 0.9886369366501009 4.690894905149799e-05 5.402520098911137e-05 0.01126212919985863 20110508877575.727 
65 0.9886205932372112 4.4468869853731317e-05 5.121533891615142e-05 0.011283722554018915 20110508877575.734 
66 0.9886050965504427 4.2155593375697955e-05 4.855145690345727e-05 0.011304196399278228 20110508877575.7 
67 0.9885904026274439 3.99625425690417e-05 4.6025987158535e-05 0.011323608842828332 20110508877575.74 
68 0.988576469784028 3.788348026751063e-05 4.363175256902715e-05 0.011342014983135395 20110508877575.723 
69 0.9885632584972488 3.591249174835232e-05 4.1361946698433804e-05 0.01135946706430442 20110508877575.727 
70 0.9885507312942948 3.4043968176505566e-05 3.9210114790382134e-05 0.011376014622738372 20110508877575.746 
71 0.988538852646936 3.227259088788324e-05 3.7170135731922675e-05 0.011391704626444133 20110508877575.66 
72 0.988527588871272 3.059331647016429e-05 3.5236204928718186e-05 0.011406581607329111 20110508877575.758 
73 0.9885169080325338 2.9001362601526484e-05 3.34028180472107e-05 0.011420687786817573 20110508877575.76 
74 0.9885067798547049 2.7492194609641885e-05 3.166475558098888e-05 0.011434063195104593 20110508877575.652 
75 0.9884971756347318 2.6061512715087295e-05 3.0017068200598537e-05 0.011446745784352523 20110508877575.8 
76 0.9884880681611017 2.4705239925029847e-05 2.845506284797735e-05 0.011458771536125257 20110508877575.684 
77 0.9884794316365786 2.3419510544701503e-05 2.697428953852847e-05 0.011470174563338216 20110508877575.727 
78 0.9884712416048922 2.2200659275743817e-05 2.5570528835622927e-05 0.011480987206996605 20110508877575.656 
79 0.9884634748811876 2.1045210871985254e-05 2.423977996398289e-05 0.011491240127976464 20110508877575.727 
80 0.9884561094860482 1.99498703246618e-05 2.2978249530024762e-05 0.011500962394097213 20110508877575.69 
81 0.9884491245829117 1.8911513550422798e-05 2.1782340818752048e-05 0.011510181562719008 20110508877575.76 
82 0.9884425004187153 1.7927178556789257e-05 2.0648643638276445e-05 0.011518923759089675 20110508877575.8 
83 0.9884362182675994 1.6994057060948567e-05 1.957392468442318e-05 0.011527213750655156 20110508877575.734 
84 0.9884302603775247 1.610948653896224e-05 1.8555118399231477e-05 0.011535075017537267 20110508877575.76 
85 0.9884246099196443 1.5270942683584626e-05 1.7589318298424883e-05 0.011542529819373419 20110508877575.746 
86 0.9884192509403045 1.4476032249965824e-05 1.6673768744147154e-05 0.011549599258701533 20110508877575.82 
87 0.988414168315522 1.3722486269535377e-05 1.5805857140424693e-05 0.011556303341067962 20110508877575.652 
88 0.9884093477078324 1.3008153613338441e-05 1.4983106529920836e-05 0.011562661032024399 20110508877575.727 
89 0.988404775525368 1.2330994887030053e-05 1.4203168571607081e-05 0.011568690311173349 20110508877575.742 
90 0.9884004388830662 1.1689076640611796e-05 1.346381687998379e-05 0.011574408223413166 20110508877575.703 
91 0.9883963255658879 1.1080565876848752e-05 1.2762940707442275e-05 0.011579830927527799 20110508877575.69 
92 0.9883924239939506 1.0503724843097773e-05 1.2098538952279029e-05 0.011584973742254036 20110508877575.668 
93 0.9883887231894711 9.956906092053404e-06 1.1468714475742864e-05 0.011589851189961009 20110508877575.684 
94 0.9883852127454291 9.438547797638397e-06 1.0871668712324982e-05 0.011594477038060977 20110508877575.74 
95 0.9883818827958578 8.947169312963578e-06 1.030569655829726e-05 0.011598864338270785 20110508877575.754 
96 0.9883787239876839 8.481366957938334e-06 9.769181524253161e-06 0.011603025463833879 20110508877575.785 
97 0.9883757274540285 8.03981002474316e-06 9.260591138125193e-06 0.011606972144808608 20110508877575.62 
98 0.9883728847889018 7.621236989969168e-06 8.778472585831079e-06 0.011610715501522411 20110508877575.758 
99 0.9883701880232111 7.224451922800712e-06 8.321448577354507e-06 0.011614266076288708 20110508877575.805 
100 0.9883676296020211 6.848321079152399e-06 7.888213426678775e-06 0.01161763386347306 20110508877575.76 
101 0.9883652023629962 6.491769672187585e-06 7.47752933458025e-06 0.011620828337997147 20110508877575.727 
102 0.9883628995159657 6.1537788101319765e-06 7.088222863847528e-06 0.01162385848236049 20110508877575.72 
103 0.988360714623553 5.8333825927590214e-06 6.719181597020726e-06 0.01162673281225721 20110508877575.727 
104 0.9883586415828153 5.529665358363327e-06 6.3693509672489625e-06 0.01162945940085912 20110508877575.727 
105 0.9883566746078365 5.2417590734566935e-06 6.037731253346155e-06 0.011632045901836734 20110508877575.75 
106 0.9883548082132294 4.968840857819384e-06 5.723374730576112e-06 0.011634499571182231 20110508877575.734 
107 0.9883530371984954 4.710130637915291e-06 5.425382969134343e-06 0.011636827287897522 20110508877575.785 
108 0.9883513566332005 4.464888922037685e-06 5.142904272701936e-06 0.011639035573604722 20110508877575.74 
109 0.9883497618429216 4.232414690893558e-06 4.875131249838117e-06 0.011641130611137604 20110508877575.74 
110 0.9883482483959263 4.012043397657294e-06 4.6212985113491016e-06 0.01164311826216467 20110508877575.61 
111 0.988346812090546 3.8031450718293128e-06 4.3806804871209905e-06 0.011645004083895233 20110508877575.71 
112 0.9883454489432056 3.605122521529624e-06 4.152589356241915e-06 0.011646793344916731 20110508877575.703 
113 0.9883441551770791 3.4174096291290266e-06 3.9363730845506005e-06 0.01164849104020739 20110508877575.77 
114 0.9883429272113333 3.2394697353861162e-06 3.7314135640558703e-06 0.011650101905367099 20110508877575.73 
115 0.9883417616509349 3.0707941075046713e-06 3.5371248489521056e-06 0.011651630430108664 20110508877575.723 
116 0.988340655276984 2.9109004867645377e-06 3.3529514832305126e-06 0.011653080871046008 20110508877575.758 
117 0.9883396050375557 2.7593317116010227e-06 3.178366915141993e-06 0.011654457263817523 20110508877575.715 
118 0.9883386080390161 2.6156544122225825e-06 3.012871994012204e-06 0.011655763434577773 20110508877575.664 
119 0.98833766153779 2.47945777305729e-06 2.8559935451413936e-06 0.011657003010891693 20110508877575.67 
120 0.9883367629325602 2.3503523595104996e-06 2.7072830187419665e-06 0.01165817943206157 20110508877575.703 
121 0.9883359097568689 2.227969005697658e-06 2.566315209075009e-06 0.011659295958916434 20110508877575.73 
122 0.9883350996721079 2.111957759989171e-06 2.4326870401459455e-06 0.01166035568309199 20110508877575.785 
123 0.988334330460872 2.001986885366871e-06 2.306016414506684e-06 0.011661361535827976 20110508877575.742 
124 0.9883336000206592 1.8977419117478686e-06 2.1859411218907213e-06 0.011662316296307144 20110508877575.71 
125 0.9883329063578976 1.798924737577914e-06 2.0721178045768475e-06 0.011663222599560192 20110508877575.68 
126 0.9883322475822849 1.7052527781365009e-06 1.964220976537055e-06 0.011664082943960466 20110508877575.72 
127 0.9883316219014214 1.6164581581279909e-06 1.8619420935771547e-06 0.011664899698326764 20110508877575.793 
128 0.9883310276157233 1.5322869462593498e-06 1.7649886718230822e-06 0.011665675108658735 20110508877575.734 
129 0.9883304631135994 1.4524984296231822e-06 1.6730834520423146e-06 0.011666411304519123 20110508877575.758 
130 0.9883299268668803 1.3768644258189292e-06 1.5859636074207174e-06 0.011667110305086553 20110508877575.684 
131 0.9883294174264846 1.305168630851199e-06 1.5033799925375073e-06 0.011667774024891808 20110508877575.72 
132 0.9883289334183119 1.2372060009466357e-06 1.4250964313987283e-06 0.011668404279255905 20110508877575.746 
133 0.9883284735393456 1.1727821665267625e-06 1.350889042499884e-06 0.011669002789445172 20110508877575.72 
134 0.9883280365539656 1.1117128766654064e-06 1.2805455989941053e-06 0.011669571187558582 20110508877575.79 
135 0.9883276212904448 1.0538234724469179e-06 1.2138649221417033e-06 0.011670111021160563 20110508877575.754 
136 0.9883272266376336 9.989483877222889e-07 1.1506563063114548e-06 0.011670623757672156 20110508877575.707 
137 0.9883268515418154 9.469306758394301e-07 1.0907389738940316e-06 0.011671110788534833 20110508877575.684 
138 0.9883264950037239 8.976215609970786e-07 1.0339415585726768e-06 0.01167157343315649 20110508877575.758 
139 0.9883261560757178 8.508800129421394e-07 9.80101615477257e-07 0.011672012942653765 20110508877575.754 
140 0.9883258338591018 8.065723437968045e-07 9.290651568239689e-07 0.011672430503397618 20110508877575.723 
141 0.988325527501586 7.645718258645319e-07 8.806862117158365e-07 0.011672827240376455 20110508877575.734 
142 0.9883252361948787 7.247583293241936e-07 8.34826408847782e-07 0.011673204220383104 20110508877575.727 
143 0.9883249591724037 6.870179787778681e-07 7.913545809252222e-07 0.011673562455036575 20110508877575.68 
144 0.9883246957071364 6.512428276718421e-07 7.501463896670945e-07 0.011673902903646184 20110508877575.785 
145 0.9883244451095528 6.173305496611833e-07 7.11083970322969e-07 0.011674226475927238 20110508877575.742 
146 0.9883242067256839 5.851841460365065e-07 6.740555946890614e-07 0.011674534034575525 20110508877575.715 
147 0.9883239799352729 5.54711668377531e-07 6.389553516613147e-07 0.011674826397706926 20110508877575.656 
148 0.9883237641500283 5.258259556412096e-07 6.056828444132042e-07 0.011675104341171774 20110508877575.758 
149 0.9883235588119641 4.984443849336191e-07 5.741429033335821e-07 0.011675368600747619 20110508877575.793 
150 0.9883233633918326 4.7248863525360737e-07 5.442453139046661e-07 0.011675619874218383 20110508877575.773 
151 0.9883231773876323 4.478844635333777e-07 5.159045587430469e-07 0.011675858823345481 20110508877575.78 
152 0.9883230003231981 4.245614923362512e-07 4.890395730668462e-07 0.01167608607573658 20110508877575.746 
153 0.9883228317468619 4.0245300860494147e-07 4.6357351289051157e-07 0.011676302226616454 20110508877575.758 
154 0.9883226712301844 3.8149577288550316e-07 4.3943353528507574e-07 0.011676507840507357 20110508877575.74 
155 0.9883225183667513 3.616298384817055e-07 4.1655059007606703e-07 0.011676703452819985 20110508877575.67 
156 0.9883223727710337 3.427983800232139e-07 3.948592223840043e-07 0.011676889571363801 20110508877575.668 
157 0.9883222340773062 3.249475309575987e-07 3.7429738544319136e-07 0.011677066677777416 20110508877575.76 
158 0.9883221019386222 3.0802622950186757e-07 3.548062631640927e-07 0.011677235228885115 20110508877575.68 
159 0.9883219760258427 2.9198607261315487e-07 3.3633010193212047e-07 0.011677395657982868 20110508877575.703 
160 0.9883218560267135 2.767811775613813e-07 3.1881605116229973e-07 0.011677548376057842 20110508877575.72 
161 0.9883217416449933 2.6236805070809996e-07 3.0221401215405994e-07 0.01167769377294401 20110508877575.695 
162 0.9883216325996239 2.487054631165877e-07 2.8647649481421894e-07 0.011677832218418054 20110508877575.73 
163 0.9883215286239473 2.3575433263755907e-07 2.7155848183868684e-07 0.011677964063238306 20110508877575.723 
164 0.9883214294649586 2.234776121335196e-07 2.574172999646769e-07 0.011678089640129377 20110508877575.773 
165 0.9883213348826018 2.118401835222038e-07 2.4401249792544107e-07 0.01167820926471666 20110508877575.727 
166 0.9883212446491018 2.0080875733624725e-07 2.3130573075865956e-07 0.01167832323641016 20110508877575.734 
167 0.9883211585483266 1.903517775119371e-07 2.1926065013781403e-07 0.011678431839245808 20110508877575.688 
168 0.9883210763751893 1.8043933113488028e-07 2.078428004130167e-07 0.01167853534267905 20110508877575.758 
169 0.9883209979350761 1.7104306288454922e-07 1.9701952006415518e-07 0.01167863400234107 20110508877575.797 
170 0.9883209230433051 1.6213609393312303e-07 1.8675984828456317e-07 0.011678728060752779 20110508877575.74 
171 0.9883208515246152 1.5369294506674245e-07 1.7703443642823414e-07 0.011678817748003152 20110508877575.812 
172 0.9883207832126795 1.4568946380939153e-07 1.6781546406736576e-07 0.011678903282392612 20110508877575.76 
173 0.988320717949643 1.3810275534103806e-07 1.590765594202373e-07 0.011678984871042176 20110508877575.797 
174 0.9883206555856878 1.3091111701250673e-07 1.5079272392197794e-07 0.011679062710471309 20110508877575.75 
175 0.9883205959786171 1.240939762698648e-07 1.429402607224742e-07 0.01167913698714588 20110508877575.68 
176 0.9883205389934638 1.1763183181080302e-07 1.354967069070771e-07 0.011679207877997493 20110508877575.76 
177 0.9883204845021166 1.1150619780478021e-07 1.2844076924622365e-07 0.011679275550916367 20110508877575.754 
178 0.9883204323829673 1.0569955101741195e-07 1.2175226329032085e-07 0.011679340165218308 20110508877575.758 
179 0.9883203825205772 1.0019528068792257e-07 1.1541205563570947e-07 0.01167940187208658 20110508877575.785 
180 0.9883203348053571 9.497764101631784e-08 1.0940200919663288e-07 0.011679460814992793 20110508877575.72 
181 0.9883202891332682 9.003170612443642e-08 1.0370493132671869e-07 0.011679517130094267 20110508877575.727 
182 0.9883202454055364 8.534332736204931e-08 9.830452464161839e-08 0.011679570946611692 20110508877575.7 
183 0.9883202035283802 8.089909283596048e-08 9.318534040218194e-08 0.011679622387186589 20110508877575.668 
184 0.9883201634127559 7.668628904633007e-08 8.833273432485773e-08 0.01167967156822086 20110508877575.754 
185 0.9883201249741125 7.269286452054543e-08 8.373282469296359e-08 0.011679718600198355 20110508877575.75 
186 0.9883200881321622 6.89073953406182e-08 7.937245264900782e-08 0.011679763587989892 20110508877575.758 
187 0.9883200528106605 6.531905246553244e-08 7.523914455454648e-08 0.011679806631142526 20110508877575.758 
188 0.9883200189371995 6.191757075508731e-08 7.132107630990022e-08 0.011679847824153383 20110508877575.723 
189 0.9883199864430109 5.8693219606642246e-08 6.760703953171093e-08 0.011679887256730024 20110508877575.727 
190 0.9883199552627782 5.563677512079527e-08 6.408640949160131e-08 0.011679925014037041 20110508877575.816 
191 0.9883199253344619 5.273949371638661e-08 6.074911472424638e-08 0.011679961176929567 20110508877575.734 
192 0.9883198965991299 4.9993087119356505e-08 5.758560821794312e-08 0.011679995822174834 20110508877575.734 
193 0.9883198690007986 4.738969865394837e-08 5.4586840105275746e-08 0.011680029022662648 20110508877575.797 
194 0.9883198424862828 4.492188076842334e-08 5.174423177577934e-08 0.011680060847604638 20110508877575.72 
195 0.988319817005052 4.258257373102173e-08 4.90496513365592e-08 0.011680091362723154 20110508877575.723 
196 0.988319792509094 4.0365085435244454e-08 4.649539035068615e-08 0.011680120630430293 20110508877575.75 
197 0.9883197689527874 3.826307225667923e-08 4.407414178683255e-08 0.011680148709998487 20110508877575.68 
198 0.9883197462927793 3.627052090663409e-08 4.177897911707914e-08 0.01168017565772056 20110508877575.74 
199 0.9883197244878685 3.4381731230667883e-08 3.960333650313249e-08 0.011680201527063725 20110508877575.746 
200 0.9883197034988965 3.259129990282406e-08 3.754099001424373e-08 0.011680226368813698 20110508877575.707 
201 0.9883196832886432 3.08941049689229e-08 3.558603982314816e-08 0.011680250231212103 20110508877575.74 
202 0.988319663821728 2.928529119471065e-08 3.3732893329075196e-08 0.011680273160087434 20110508877575.75 
203 0.9883196450645165 2.7760256176950203e-08 3.1976249159569133e-08 0.011680295198978088 20110508877575.72 
204 0.9883196269850313 2.6314637177731955e-08 3.031108200535943e-08 0.011680316389249417 20110508877575.777 
205 0.9883196095528678 2.494429864434584e-08 2.8732628244902322e-08 0.011680336770205399 20110508877575.734 
206 0.9883195927391136 2.364532037901586e-08 2.7236372317481137e-08 0.01168035637919372 20110508877575.812 
207 0.9883195765162743 2.2413986324662802e-08 2.5818033805879822e-08 0.01168037525170564 20110508877575.758 
208 0.9883195608581997 2.1246773934613562e-08 2.447355519169224e-08 0.011680393421471324 20110508877575.73 
209 0.9883195457400169 2.014034409585485e-08 2.319909024823447e-08 0.011680410920548681 20110508877575.74 
210 0.9883195311380657 1.909153157700601e-08 2.1990993037865717e-08 0.01168042777940969 20110508877575.727 
211 0.9883195170298356 1.8097335973688104e-08 2.084580748224268e-08 0.011680444027020852 20110508877575.727 
212 0.9883195033939095 1.7154913125392675e-08 1.9760257475676758e-08 0.011680459690919947 20110508877575.715 
213 0.9883194902099068 1.6261566979293196e-08 1.8731237513312528e-08 0.011680474797288608 20110508877575.746 
214 0.9883194774584328 1.5414741877732246e-08 1.77558038073213e-08 0.011680489371021313 20110508877575.72 
215 0.9883194651210279 1.4612015247318922e-08 1.6831165865698705e-08 0.011680503435791105 20110508877575.785 
216 0.9883194531801189 1.3851090668726915e-08 1.5954678509576774e-08 0.011680517014111812 20110508877575.695 
217 0.9883194416189786 1.312979130736694e-08 1.512383430621654e-08 0.011680530127395694 20110508877575.81 
218 0.9883194304216788 1.2446053686145865e-08 1.4336256396039023e-08 0.011680542796011247 20110508877575.746 
219 0.9883194195730521 1.1797921782494679e-08 1.3589691693171835e-08 0.01168055503933439 20110508877575.754 
220 0.9883194090586547 1.1183541432785079e-08 1.2882004440064672e-08 0.01168056687579953 20110508877575.715 
221 0.9883193988647273 1.0601155028124414e-08 1.2211170097736906e-08 0.011680578322947619 20110508877575.76 
222 0.9883193889781638 1.0049096486358995e-08 1.1575269554178721e-08 0.011680589397470022 20110508877575.74 
223 0.9883193793864768 9.525786485901403e-09 1.09724836343403e-08 0.011680600115253199 20110508877575.72 
224 0.9883193700777667 9.029727947748053e-09 1.0401087896003525e-08 0.011680610491417475 20110508877575.715 
225 0.9883193610406933 8.559501752765143e-09 9.859447696651012e-09 0.011680620540357312 20110508877575.72 
226 0.988319352264447 8.113762681988777e-09 9.346013517219496e-09 0.011680630275776751 20110508877575.79 
227 0.988319343738723 7.691235568330103e-09 8.859316529362784e-09 0.011680639710725003 20110508877575.742 
228 0.9883193354536954 7.2907116486730175e-09 8.39796439354182e-09 0.01168064885762839 20110508877575.79 
229 0.9883193273999948 6.911045105933245e-09 7.960637275924954e-09 0.011680657728322849 20110508877575.773 
230 0.9883193195686835 6.551149791184021e-09 7.546084072701674e-09 0.011680666334082632 20110508877575.754 
231 0.9883193119512365 6.209996116474188e-09 7.1531188310107715e-09 0.011680674685648667 20110508877575.625 
232 0.9883193045395191 5.8866081094480834e-09 6.780617356244368e-09 0.01168068279325538 20110508877575.76 
233 0.9883192973257693 5.580060621343367e-09 6.427513996022964e-09 0.011680690666656198 20110508877575.8 
234 0.9883192903025775 5.289476680379356e-09 6.092798591640251e-09 0.01168069831514743 20110508877575.723 
235 0.9883192834628709 5.014024982964351e-09 5.775513588259367e-09 0.011680705747590524 20110508877575.8 
236 0.9883192767998963 4.7529175155464235e-09 5.474751295591968e-09 0.01168071297243478 20110508877575.78 
237 0.9883192703072042 4.50540730030375e-09 5.189651291224896e-09 0.011680719997737222 20110508877575.754 
238 0.9883192639786337 4.270786258226062e-09 4.919397959166102e-09 0.011680726831181949 20110508877575.676 
239 0.9883192578082999 4.048383183474178e-09 4.663218156568542e-09 0.011680733480098827 20110508877575.785 
240 0.9883192517905776 3.8375618232235005e-09 4.4203790019578e-09 0.011680739951481715 20110508877575.75 
241 0.9883192459200915 3.6377190574972473e-09 4.190185778634911e-09 0.011680746252003793 20110508877575.777 
242 0.9883192401917024 3.4482831737843954e-09 3.97197994725888e-09 0.011680752388034444 20110508877575.754 
243 0.9883192346004968 3.2687122315049048e-09 3.765137261921802e-09 0.011680758365653781 20110508877575.75 
244 0.9883192291417746 3.0984925116447663e-09 3.569065984328198e-09 0.01168076419066695 20110508877575.77 
245 0.9883192238110398 2.9371370471249596e-09 3.383205190969798e-09 0.011680769868618079 20110508877575.746 
246 0.9883192186039904 2.784184229700559e-09 3.207023168452887e-09 0.01168077540480213 20110508877575.742 
247 0.9883192135165094 2.6391964894048907e-09 3.0400158923881185e-09 0.011680780804278106 20110508877575.766 
248 0.9883192085446552 2.5017590427606468e-09 2.8817055854911435e-09 0.011680786071880108 20110508877575.75 
249 0.9883192036846538 2.3714787061773238e-09 2.7316393507694878e-09 0.011680791212228328 20110508877575.723 
250 0.9883191989328898 2.2479827711404257e-09 2.5893878758851697e-09 0.011680796229739507 20110508877575.785 
251 0.9883191942859008 2.1309179379745435e-09 2.454544204987419e-09 0.011680801128637055 20110508877575.754 
252 0.9883191897403679 2.0199493051303454e-09 2.326722574501138e-09 0.01168080591296025 20110508877575.68 
253 0.9883191852931106 1.9147594111036833e-09 2.205557309541453e-09 0.011680810586572644 20110508877575.723 
254 0.9883191809410792 1.8150473262469103e-09 2.0907017777970442e-09 0.011680815153171695 20110508877575.727 
255 0.9883191766813489 1.7205277918732836e-09 1.9818273978892964e-09 0.01168081961629583 20110508877575.734 
256 0.9883191725111145 1.6309304041923844e-09 1.8786226993710527e-09 0.011680823979332495 20110508877575.76 
257 0.9883191684276835 1.5459988407418696e-09 1.7807924316754335e-09 0.011680828245525273 20110508877575.82 
258 0.9883191644284723 1.4654901271025026e-09 1.6880567194659421e-09 0.011680832417980921 20110508877575.83 
259 0.9883191605110002 1.389173941798677e-09 1.6001502619713931e-09 0.011680836499675709 20110508877575.812 
260 0.9883191566728847 1.3168319573962608e-09 1.516821574015293e-09 0.011680840493461799 20110508877575.746 
261 0.9883191529118374 1.2482572159124177e-09 1.437832266568374e-09 0.011680844402073136 20110508877575.734 
262 0.9883191492256592 1.1832535367509277e-09 1.3629563647662407e-09 0.011680848228130885 20110508877575.746 
263 0.9883191456122369 1.1216349554691558e-09 1.2919796614410175e-09 0.011680851974148681 20110508877575.816 
264 0.9883191420695371 1.0632251917710348e-09 1.2246991043178175e-09 0.011680855642538677 20110508877575.727 
265 0.988319138595606 1.0078571452042874e-09 1.1609222151226905e-09 0.011680859235614599 20110508877575.734 
266 0.9883191351885631 9.553724171191955e-10 1.1004665389405828e-09 0.011680862755597888 20110508877575.688 
267 0.988319131846599 9.056208575211605e-10 1.0431591222478103e-09 0.011680866204621053 20110508877575.656 
268 0.9883191285679713 8.584601355209743e-10 9.888360181259987e-10 0.011680869584732518 20110508877575.754 
269 0.9883191253510027 8.137553321538449e-10 9.373418172418457e-10 0.011680872897900131 20110508877575.766 
270 0.9883191221940776 7.713785544023056e-10 8.88529203251205e-10 0.011680876146014775 20110508877575.73 
271 0.988319119095639 7.312085693188226e-10 8.42258531355342e-10 0.011680879330894017 20110508877575.73 
272 0.9883191160541861 6.931304572015585e-10 7.983974288039682e-10 0.011680882454285993 20110508877575.695 
273 0.9883191130682727 6.570352828309111e-10 7.568204162019727e-10 0.01168088551787166 20110508877575.734 
274 0.9883191101365031 6.22819783826411e-10 7.174085485366408e-10 0.011680888523268698 20110508877575.707 
275 0.9883191072575311 5.90386075232469e-10 6.800490748984005e-10 0.01168089147203366 20110508877575.82 
276 0.9883191044300579 5.596413694878337e-10 6.446351159215384e-10 0.011680894365665634 20110508877575.81 
277 0.988319101652829 5.304977109775602e-10 6.110653580222661e-10 0.011680897205608023 20110508877575.77 
278 0.9883190989246332 5.028717244083167e-10 5.792437635593397e-10 0.011680899993251297 20110508877575.73 
279 0.9883190962443009 4.766843762869771e-10 5.490792960880631e-10 0.011680902729935385 20110508877575.707 
280 0.9883190936107015 4.518607488202651e-10 5.20485659921684e-10 0.011680905416952157 20110508877575.754 
281 0.988319091022742 4.283298255885974e-10 4.933810532552454e-10 0.011680908055547045 20110508877575.75 
282 0.9883190884793658 4.060242883809703e-10 4.676879341454085e-10 0.01168091064692187 20110508877575.73 
283 0.988319085979551 3.8488032460969144e-10 4.433327986769954e-10 0.011680913192235869 20110508877575.723 
284 0.9883190835223089 3.648374447540176e-10 4.202459706815019e-10 0.011680915692607752 20110508877575.71 
285 0.9883190811066817 3.458383093104578e-10 3.9836140240603864e-10 0.011680918149118603 20110508877575.742 
286 0.9883190787317434 3.278285647546259e-10 3.776164855624771e-10 0.011680920562811507 20110508877575.727 
287 0.9883190763965963 3.107566880454481e-10 3.5795187221624966e-10 0.011680922934695097 20110508877575.7 
288 0.9883190741003712 2.9457383922680434e-10 3.3931130500236327e-10 0.011680925265743547 20110508877575.812 
289 0.9883190718422253 2.792337217049909e-10 3.2164145618299774e-10 0.01168092755689952 20110508877575.71 
290 0.9883190696213419 2.6469244980225094e-10 3.0489177508613744e-10 0.011680929809073983 20110508877575.688 
291 0.9883190674369289 2.509084232074745e-10 2.8901434348893157e-10 0.011680932023148238 20110508877575.742 
292 0.9883190652882186 2.378422079649308e-10 2.7396373853197704e-10 0.011680934199975623 20110508877575.72 
293 0.9883190631744646 2.2545642366050886e-10 2.5969690277233184e-10 0.011680936340382012 20110508877575.793 
294 0.988319061094944 2.1371563648278513e-10 2.4617302100362506e-10 0.011680938445167167 20110508877575.777 
295 0.9883190590489543 2.0258625785293597e-10 2.3335340349070717e-10 0.011680940515106021 20110508877575.664 
296 0.9883190570358132 1.9203644833355165e-10 2.2120137528493644e-10 0.0116809425509489 20110508877575.715 
297 0.988319055054858 1.8203602654141015e-10 2.0968217130339246e-10 0.011680944553423769 20110508877575.758 
298 0.9883190531054444 1.7255638280363462e-10 1.9876283687185137e-10 0.01168094652323647 20110508877575.727 
299 0.9883190511869463 1.6357039731025149e-10 1.8841213344702578e-10 0.01168094846107102 20110508877575.766 
300 0.9883190492987556 1.5505236252896236e-10 1.7860044924835465e-10 0.01168095036759174 20110508877575.69 
