0 0.9995885717885261 0.00041142821147382844 0.0 0.0 20106794839047.74 
1 0.9996533196676707 0.0001386721329317451 0.00017957542394038935 2.843277545722831e-05 20110508877575.727 
2 0.9996088892388288 8.364461098987547e-05 0.0002439613442469514 6.350480593429671e-05 20110508877575.74 
3 0.9994993939836317 8.493481173944253e-05 0.000307487642469463 0.00010818356215934095 20110508877575.73 
4 0.9993364403420167 0.0001039931059385801 0.00039246673950270295 0.00016709981254201247 20110508877575.79 
5 0.9991129785722391 0.00013373697452331667 0.0005079037713683854 0.00024538068186903466 20110508877575.754 
6 0.9988136931865264 0.0001743832395027299 0.0006626478925990897 0.00034927568137186173 20110508877575.69 
7 0.9984166247445438 0.00022846339981374302 0.0008681333031740661 0.00048677855246838294 20110508877575.645 
8 0.9978923833870883 0.0002998468869500662 0.0011395013471063242 0.0006682683788554315 20110508877575.742 
9 0.9972023199919463 0.00039372516087190915 0.0014966757939713978 0.0009072790532104895 20110508877575.71 
10 0.9962959106954405 0.0005168903684811749 0.001965722848969723 0.0012214760871084663 20110508877575.734 
11 0.9951073163342956 0.0006781618598356067 0.0025806105718607676 0.0016339112340080667 20110508877575.65 
12 0.9935509770479446 0.0008889360617568396 0.003385454417202772 0.002174632473095819 20110508877575.766 
13 0.9915160600552972 0.0011638625096280697 0.004437337476017263 0.0028827399590573193 20110508877575.652 
14 0.9888595721703596 0.00152164749255808 0.005809788437502391 0.003808991899579985 20110508877575.777 
15 0.9853979889100413 0.001985968733384178 0.007596969521876352 0.005019072834698227 20110508877575.777 
16 0.980897370723093 0.0025864465801522045 0.009918549725596894 0.006597632971157899 20110508877575.8 
17 0.9750621872344045 0.00335954964087968 0.012925084291817341 0.008653178832898342 20110508877575.766 
18 0.9675235307336267 0.004349201941022804 0.01680344417756946 0.011323823147781043 20110508877575.72 
19 0.9578281717278034 0.005606689920206111 0.02178138134800659 0.01478375700398389 20110508877575.723 
20 0.9454310972585228 0.00718923360697345 0.028129617319330894 0.01925005181517273 20110508877575.78 
21 0.9296958283546922 0.00915630561365276 0.03615887593093712 0.024988990100717826 20110508877575.727 
22 0.9099088101259643 0.011562532684539672 0.04620812475940892 0.03232053243008703 20110508877575.695 
23 0.8853159891372102 0.014445985218837127 0.058619253434302576 0.04161877220965005 20110508877575.758 
24 0.8551901605961603 0.017811189446479934 0.07369320853064758 0.05330544142671233 20110508877575.652 
25 0.8189348067458374 0.02160773971213364 0.09162442340280218 0.06783303013922676 20110508877575.734 
26 0.7762216092219218 0.02570827570087481 0.11241569164613048 0.08565442343107284 20110508877575.723 
27 0.7271434551706142 0.02989347344131833 0.1357852479315972 0.10717782345647035 20110508877575.73 
28 0.6723454247693945 0.033854840106006236 0.16109018821128354 0.13270954691331557 20110508877575.758 
29 0.6130821601266979 0.03722526254926951 0.1872999483570608 0.16239262896697187 20110508877575.723 
30 0.5511547849350366 0.03963938365702908 0.2130516322880236 0.1961541991199108 20110508877575.754 
31 0.4887129311145375 0.04081168723107686 0.23679892944657668 0.23367645220780886 20110508877575.72 
32 0.42795923987583095 0.040606727715049876 0.2570316374433774 0.27440239496574187 20110508877575.75 
33 0.37083801374530406 0.03907356280752845 0.27250975252121223 0.3175786709259553 20110508877575.727 
34 0.31879800824292975 0.036429888670657225 0.2824449738705259 0.36232712921588706 20110508877575.76 
35 0.2726854861799254 0.03300361794746294 0.28658168478194396 0.4077292110906676 20110508877575.785 
36 0.2327696747641555 0.029156579578785227 0.28516800504393347 0.4529057406131258 20110508877575.727 
37 0.1988599985528467 0.025217309814053426 0.27884373497640513 0.49707895665669477 20110508877575.734 
38 0.17045999850862892 0.021439503223887334 0.2684898062383515 0.5396106920291324 20110508877575.746 
39 0.14691300490375236 0.01798868949817438 0.2550810731763455 0.5800172324217278 20110508877575.746 
40 0.12751512798630998 0.014949968165511623 0.23956926771619208 0.6179656361319863 20110508877575.727 
41 0.11158957815029114 0.012346559562092121 0.22280600212601656 0.6532578601616 20110508877575.734 
42 0.09852743789169731 0.010160634419196748 0.20550329101554085 0.6858086366735651 20110508877575.71 
43 0.08780415131856285 0.008351351149819473 0.18822284086792904 0.7156216566636887 20110508877575.727 
44 0.07898079340732352 0.006868154107082246 0.17138403132507982 0.7427670211605145 20110508877575.746 
45 0.07169713608759971 0.005659371678221509 0.1552819418047145 0.7673615504294643 20110508877575.742 
46 0.06566120435866908 0.0046770586116083 0.1401091837737438 0.7895525532559788 20110508877575.74 
47 0.0606381061631331 0.0038792234912851074 0.12597763087500957 0.8095050394705723 20110508877575.797 
48 0.05643958751552235 0.0032304301459687803 0.11293795472658866 0.8273920276119202 20110508877575.715 
49 0.05291493449122241 0.002701500163011142 0.10099610243203613 0.8433874629137302 20110508877575.785 
50 0.04994337559409722 0.0022687944409955797 0.09012658910814886 0.8576612408567583 20110508877575.676 
51 0.04742790223145596 0.0019133591895211886 0.08028286572301656 0.8703758728560063 20110508877575.746 
52 0.045290325821859566 0.0016200901928384985 0.07140518611868739 0.8816843978666147 20110508877575.715 
53 0.043467364715681245 0.0013769870021089767 0.06342643188751705 0.8917292163946927 20110508877575.652 
54 0.04190756479495034 0.0011745214599843045 0.056276322598503715 0.9006415911465616 20110508877575.684 
55 0.04056888307670705 0.00100512015227708 0.049884379837447555 0.9085416169335682 20110508877575.703 
56 0.03941679276607635 0.0008627489918754573 0.044181947824481295 0.915538510417567 20110508877575.754 
57 0.03842279572885979 0.0007425842214372224 0.039103511591571966 0.9217311084581309 20110508877575.684 
58 0.03756325218824401 0.0006407540268522038 0.03458750025596008 0.9272084935289436 20110508877575.79 
59 0.03681845711651838 0.000554136580567663 0.030576718901199142 0.9320506874017148 20110508877575.793 
60 0.03617190855340144 0.0004802025448578047 0.02701851744159751 0.9363293714601433 20110508877575.76 
61 0.03560972548461147 0.000416892291277755 0.023864777401088864 0.9401086048230219 20110508877575.773 
62 0.03512018256171705 0.00036252008358291166 0.021071776426667712 0.9434455209280322 20110508877575.645 
63 0.034693336395867407 0.0003156991451507977 0.018599974301630188 0.9463909901573515 20110508877575.75 
64 0.03432072389034278 0.00027528288841230847 0.016413752122159987 0.9489902410990849 20110508877575.793 
65 0.03399511747826249 0.00024031865822276918 0.014481127246012419 0.9512834366175023 20110508877575.785 
66 0.033710325510093155 0.00021001117972180598 0.012773459891934352 0.9533062034182508 20110508877575.742 
67 0.033461028630624265 0.00018369354969856387 0.01126516229865648 0.9550901155210207 20110508877575.72 
68 0.03324264498165273 0.00016080410903369292 0.00993341770786635 0.9566631332014472 20110508877575.777 
69 0.03305121860621685 0.00014086791585330772 0.008757913784339487 0.9580499996935903 20110508877575.727 
70 0.03288332662064656 0.0001234818314062427 0.0077205931763604015 0.9592725983715867 20110508877575.734 
71 0.032736001644007175 0.0001083024543947133 0.006805422560421893 0.9603502733411763 20110508877575.766 
72 0.03260666669304524 9.50363108201243e-05 0.0059981805627601905 0.9613001164333744 20110508877575.715 
73 0.032493080311966065 8.343183782475962e-05 0.005286264299114111 0.962137223551095 20110508877575.684 
74 0.03239329014636616 7.327280102796682e-05 0.004658513842764921 0.962874923209841 20110508877575.836 
75 0.03230559351699125 6.437286270099591e-05 0.0041050536593452355 0.9635249799609625 20110508877575.652 
76 0.03222850382272283 5.657107828358432e-05 0.003617149890356375 0.9640977752086373 20110508877575.77 
77 0.032160721819498285 4.97281453797074e-05 0.0031870822925602303 0.9646024677425618 20110508877575.86 
78 0.03210111099505788 4.3723265638745234e-05 0.00280802962281284 0.9650471361164906 20110508877575.65 
79 0.03204867639812963 3.845150823320711e-05 0.0024739672793553315 0.9654389048142819 20110508877575.727 
80 0.03200254639223215 3.382158581326939e-05 0.002179576057789823 0.9657840559641647 20110508877575.715 
81 0.03196195689441913 2.9753971246598048e-05 0.001920160943280636 0.9660881281910537 20110508877575.766 
82 0.03192623773248644 2.617929720606394e-05 0.001691578932983353 0.9663560040373241 20110508877575.73 
83 0.03189480081383993 2.3036991565566354e-05 0.001490174959360646 0.9665919872352339 20110508877575.723 
84 0.03186712984815387 2.0274110233909013e-05 0.0013127250624421832 0.9667998709791701 20110508877575.727 
85 0.03184277140617784 1.7844335982773023e-05 0.001156386034864517 0.9669829982229747 20110508877575.76 
86 0.031821327130360844 1.5707117381772712e-05 0.0010186508361380172 0.9671443149161194 20110508877575.742 
87 0.03180244694059845 1.3826926431406485e-05 0.0008973091410653951 0.9672864169919048 20110508877575.78 
88 0.03178582310147638 1.2172617109016094e-05 0.0007904124510431912 0.9674115918303714 20110508877575.63 
89 0.03177118503669462 1.0716869989460952e-05 0.0006962432558728234 0.9675218548374431 20110508877575.715 
90 0.03175829479261604 9.435710508635669e-06 0.0006132877876667237 0.9676189817092087 20110508877575.74 
91 0.03174694306658894 8.308090412069649e-06 0.0005402119575700363 0.9677045368854289 20110508877575.77 
92 0.03173694572732449 7.315523557600805e-06 0.00047584011054243843 0.9677798986385755 20110508877575.76 
93 0.03172814076449205 6.4417685875552915e-06 0.00041913627362297516 0.9678462811932974 20110508877575.707 
94 0.03172038561312592 5.672552105148585e-06 0.00036918760923529767 0.9679047542255336 20110508877575.797 
95 0.031713554805652584 4.995326924226869e-06 0.0003251898174941578 0.9679562600499291 20110508877575.754 
96 0.031707537910536814 4.399060744737105e-06 0.0002864342604610674 0.9680016287682572 20110508877575.805 
97 0.03170223772186894 3.874051265496821e-06 0.0002522966071746126 0.9680415916196908 20110508877575.71 
98 0.03169756866881288 3.411764302686373e-06 0.00022222682134095828 0.9680767927455435 20110508877575.754 
99 0.03169345541779443 3.004691954592774e-06 0.00019574033408904497 0.9681077995561619 20110508877575.754 
100 0.03168983164375352 2.646228254744244e-06 0.00017241026242817732 0.9681351118655637 20110508877575.758 
101 0.03168663894975615 2.3305600983143022e-06 0.00015186055023006477 0.9681591699399155 20110508877575.676 
102 0.03168382591686438 2.0525715200358753e-06 0.00013375992290881735 0.9681803615887068 20110508877575.78 
103 0.03168134726840304 1.8077596536651747e-06 0.00011781655968779466 0.9681990284122554 20110508877575.707 
104 0.03167916313472906 1.5921609197065385e-06 0.00010377339859966467 0.9682154713057516 20110508877575.83 
105 0.03167723840633649 1.4022861749974388e-06 9.140399932660715e-05 0.968229955308162 20110508877575.773 
106 0.03167554216459787 1.2350637192934603e-06 8.050889779532327e-05 0.9682427138738876 20110508877575.793 
107 0.031674047180782615 1.0877891939020196e-06 7.091239422654666e-05 0.9682539526357969 20110508877575.793 
108 0.03167272947511155 9.580815288017206e-07 6.245972321640432e-05 0.9682638527201434 20110508877575.695 
109 0.03167156792862332 8.438442001741536e-07 5.5014560501139167e-05 0.9682725736666753 20110508877575.7 
110 0.03167054394150186 7.432311520833391e-07 4.845682641927327e-05 0.9682802560009269 20110508877575.75 
111 0.03166964113228135 6.546168160428568e-07 4.2680750818331036e-05 0.9682870235000843 20110508877575.7 
112 0.03166884507302208 5.765697320141079e-07 3.759316832964207e-05 0.9682929851889162 20110508877575.816 
113 0.03166814305614744 5.078293353444339e-07 3.311201661914202e-05 0.9682982370978981 20110508877575.785 
114 0.031667523889142075 4.4728552745184555e-07 2.9165013471763716e-05 0.9683028638118587 20110508877575.73 
115 0.03166697771377786 3.939606946970346e-07 2.5688491432896725e-05 0.9683069398340944 20110508877575.74 
116 0.03166649584693096 3.4699388071750494e-07 2.2626371257284538e-05 0.968310530787931 20110508877575.684 
117 0.03166607064040727 3.0562685327825756e-07 1.9929257643575174e-05 0.9683136944750957 20110508877575.746 
118 0.03166569535749958 2.691918380629791e-07 1.755364269660797e-05 0.9683164818079658 20110508877575.71 
119 0.03166536406428315 2.3710071934746135e-07 1.5461204290562518e-05 0.968318937630707 20110508877575.75 
120 0.03166507153388093 2.0883553164718672e-07 1.3618188031773437e-05 0.9683211014425557 20110508877575.82 
121 0.031664813162153894 1.8394008763463045e-07 1.1994862864566362e-05 0.9683230080348938 20110508877575.758 
122 0.03166458489344896 1.6201260624555528e-07 1.0565041548350689e-05 0.9683246880523965 20110508877575.766 
123 0.03166438315520735 1.4269922125625005e-07 9.305658278286459e-06 0.9683261684872931 20110508877575.74 
124 0.03166420480037034 1.2568826499440872e-07 8.196396641810865e-06 0.9683274731147228 20110508877575.72 
125 0.031664047056655265 1.107052344881774e-07 7.219361913904492e-06 0.9683286228761964 20110508877575.723 
126 0.031663907481882886 9.750835847374078e-08 6.358792408134466e-06 0.9683296362173506 20110508877575.688 
127 0.031663783924629756 8.588469345785101e-08 5.6008052297172785e-06 0.9683305293854471 20110508877575.652 
128 0.03166367448957272 7.564668563082824e-08 4.933172331162623e-06 0.9683313166914105 20110508877575.812 
129 0.03166357750696854 6.66291429908353e-08 4.345123259402631e-06 0.968332010740629 20110508877575.79 
130 0.031663491505768776 5.8686568696647676e-08 3.827171413513289e-06 0.9683326226362491 20110508877575.73 
131 0.031663415189941646 5.169081252383648e-08 3.3709610111170656e-06 0.9683331621582348 20110508877575.74 
132 0.031663347417619114 4.552900245444142e-08 2.9691322954037484e-06 0.9683336379210831 20110508877575.688 
133 0.031663287182725715 4.010172296768073e-08 2.6152028087930236e-06 0.9683340575127425 20110508877575.77 
134 0.03166323359880078 3.532141059329369e-08 2.3034628183227806e-06 0.9683344276169704 20110508877575.723 
135 0.031663185884747154 3.111094080509306e-08 2.0288832060412573e-06 0.968334754121106 20110508877575.78 
136 0.03166314335228099 2.740238342766839e-08 1.7870343386957216e-06 0.9683350422109969 20110508877575.74 
137 0.031663105394874 2.4135906454357802e-08 1.5740146080702615e-06 0.9683352964546114 20110508877575.734 
138 0.03166307147801717 2.1258810574048255e-08 1.3863874892915263e-06 0.968335520875683 20110508877575.8 
139 0.03166304113064339 1.8724678817046218e-08 1.2211261018017236e-06 0.968335719018576 20110508877575.746 
140 0.031663013937571594 1.6492627590556745e-08 1.0755643787077277e-06 0.9683358940054222 20110508877575.78 
141 0.03166298953285372 1.4526647012428835e-08 9.473540568048327e-07 0.9683360485864425 20110508877575.723 
142 0.03166296759391184 1.2795019894325618e-08 8.34426793460159e-07 0.9683361851842747 20110508877575.758 
143 0.03166294783637564 1.126980999578024e-08 7.349607992382741e-07 0.9683363059330152 20110508877575.71 
144 0.03166293000953552 9.926411289262773e-09 6.473514479931385e-07 0.9683364127126053 20110508877575.766 
145 0.03166291389233579 8.74315096155132e-09 5.701853903106482e-07 0.9683365071791229 20110508877575.734 
146 0.03166289928984687 7.700939744300347e-09 5.022177526988176e-07 0.9683365907914606 20110508877575.703 
147 0.03166288603015663 6.782963930791019e-09 4.4235205470019235e-07 0.9683366648348247 20110508877575.695 
148 0.03166287396163294 5.974414108777772e-09 3.896225199451591e-07 0.9683367304414331 20110508877575.78 
149 0.031662862950513064 5.262246232003884e-09 3.4317849578331466e-07 0.9683367886087448 20110508877575.67 
150 0.03166285287877688 4.634971174923351e-09 3.022707301452767e-07 0.9683368402155218 20110508877575.754 
