0 0.9969178057909355 0.0030821942090645863 0.0 0.0 20084301075199.74 
1 0.9965349264174854 0.0013860294330058276 0.0017948582585686978 0.0002841858909400437 20110508877575.72 
2 0.9955113483569181 0.0009581055805663816 0.002800920469217986 0.000729625593297548 20110508877575.746 
3 0.9939421611709262 0.001018287015063819 0.00372439679253684 0.0013151550214731513 20110508877575.74 
4 0.9918261441196943 0.0012650021209659515 0.004836560981045413 0.002072292778294235 20110508877575.758 
5 0.9890434929768397 0.0016299683398970307 0.0062716354590844105 0.0030549032241787705 20110508877575.793 
6 0.985412219036388 0.002114361385359075 0.00814049684066616 0.0043329227375868565 20110508877575.79 
7 0.9806948088227189 0.002742327582718965 0.010568103509031923 0.005994760085530134 20110508877575.75 
8 0.9745903354442791 0.0035492637782621205 0.013707939936638576 0.008152460840820292 20110508877575.758 
9 0.9667231346601056 0.004579119322302438 0.017749796033201468 0.010947949984390509 20110508877575.742 
10 0.9566321265482718 0.005883349150370165 0.022924685192383523 0.014559839108974569 20110508877575.668 
11 0.9437640745460012 0.0075190469192447295 0.02950652564888299 0.019210352885871012 20110508877575.684 
12 0.9274753255267273 0.009544855861378012 0.037808257498703375 0.025171561113191455 20110508877575.766 
13 0.9070485064124141 0.012013367729207308 0.04816864150586549 0.03276948435251311 20110508877575.707 
14 0.88173238237485 0.014958825324499056 0.06092493351419596 0.04238385878645493 20110508877575.754 
15 0.8508132765406518 0.018379589908456694 0.07636657245154253 0.05444056109934907 20110508877575.688 
16 0.8137230500835801 0.022216525801352024 0.09466716935332167 0.06939325476174606 20110508877575.74 
17 0.7701793390260697 0.026331486508398193 0.11579787424252938 0.08769130022300266 20110508877575.758 
18 0.7203377087417326 0.030493986118647252 0.13943525592927777 0.10973304921034217 20110508877575.73 
19 0.664916133955948 0.034386978487561795 0.16488920238545063 0.13580768517103958 20110508877575.785 
20 0.6052396804391583 0.03764110674245983 0.19108502023623525 0.16603419258214652 20110508877575.715 
21 0.5431610853725917 0.039898020832839 0.21663004324747345 0.2003108505470959 20110508877575.793 
22 0.48084841984088644 0.0408888004701178 0.23997283939456784 0.2382899402944278 20110508877575.746 
23 0.42048350614190383 0.04050091688960393 0.2596275617085113 0.2793880152599809 20110508877575.74 
24 0.3639559244043666 0.03880667562025785 0.27440463505139084 0.32283276492398466 20110508877575.727 
25 0.3126403449017431 0.0360411933361981 0.2835814740580788 0.3677369877039801 20110508877575.746 
26 0.2673070299280854 0.0325403075564828 0.28696943106834943 0.41318323144708236 20110508877575.746 
27 0.22816122416511314 0.028664223674243438 0.2848726007378824 0.458301951422761 20110508877575.723 
28 0.19496746114207866 0.024733074131711483 0.27796865648236657 0.5023308082438434 20110508877575.785 
29 0.16720399912148937 0.020989158561497384 0.26715694756954067 0.5446498947474727 20110508877575.75 
30 0.14420488273705703 0.017586840937009775 0.2534141969535426 0.5847940793723907 20110508877575.75 
31 0.12526786348119473 0.014602193103262526 0.2376823852667236 0.6224475581488191 20110508877575.754 
32 0.10972401664920992 0.012052181390285173 0.22079681933111212 0.6574269826293929 20110508877575.746 
33 0.09697498577207433 0.009915284601736445 0.20345076693789674 0.6896589626882924 20110508877575.73 
34 0.08650721531827615 0.008148933995365372 0.18618754903585694 0.7191563016505016 20110508877575.71 
35 0.07789198792608519 0.006702154585406589 0.16941011679088966 0.7459957406976186 20110508877575.79 
36 0.07077795514473209 0.005523613293879797 0.15339976616723852 0.7702986653941496 20110508877575.777 
37 0.06488057145221171 0.004566068832627886 0.13833807196098738 0.792215287754173 20110508877575.68 
38 0.05997101446473861 0.003788351881245693 0.12432839552560715 0.8119122381284085 20110508877575.727 
39 0.05586591862815683 0.0031558286420679876 0.11141505537072485 0.8295631973590503 20110508877575.727 
40 0.05241847577969351 0.0026400378989233112 0.09959940678780477 0.8453420795335784 20110508877575.797 
41 0.0495110233191824 0.0022179501303953805 0.08885276208442043 0.8594182644660017 20110508877575.74 
42 0.04704902500915189 0.0018711139800775725 0.07912643689709938 0.8719534241136713 20110508877575.766 
43 0.04495626045795997 0.001584831524732295 0.07035935274770823 0.8830995552695996 20110508877575.79 
44 0.0431710185922508 0.0013474270551132412 0.06248365128039555 0.8929979030722404 20110508877575.676 
45 0.04164310275275079 0.0011496302349445692 0.05542874047611145 0.9017785265361932 20110508877575.715 
46 0.04033148073204644 0.0009840716658162437 0.049124133135800364 0.9095603144663369 20110508877575.742 
47 0.03920244182485964 0.0008448785497864282 0.043501372690240354 0.9164513069351136 20110508877575.824 
48 0.03822814992106073 0.0007273547380192781 0.03849528065542431 0.9225492146854958 20110508877575.777 
49 0.03738550493222362 0.0006277295789088696 0.03404470777787874 0.9279420577109887 20110508877575.785 
50 0.03665524399757344 0.000542961674184932 0.030092927987450765 0.9327088663407909 20110508877575.742 
51 0.03602122924883605 0.0004705858587286292 0.026587780083672075 0.9369204048087632 20110508877575.76 
52 0.03546988097117701 0.00040859391276617456 0.023481635413255725 0.9406398897028011 20110508877575.69 
53 0.0349897243726885 0.00035534146448539325 0.02073124930570831 0.9439236848571179 20110508877575.73 
54 0.03457102541421291 0.00030947517442979166 0.018297538466231025 0.9468219609451263 20110508877575.746 
55 0.034205496719273844 0.0002698756140918647 0.01614531480136342 0.9493793128652708 20110508877575.78 
56 0.033886058858672484 0.00023561229618538254 0.014242997389061512 0.9516353314560806 20110508877575.707 
57 0.033606645585223444 0.00020590812908516192 0.012562317797550921 0.9536251284881404 20110508877575.656 
58 0.03336204411439151 0.00018011119776907333 0.011078029157365327 0.955379815530474 20110508877575.785 
59 0.03314776348572231 0.00015767225764137935 0.00976762587561496 0.9569269383810215 20110508877575.754 
60 0.03295992553541706 0.00013812669845862427 0.008611078328110337 0.9582908694380139 20110508877575.74 
61 0.03279517416684799 0.00012108001931731656 0.00759058502884637 0.9594931607849883 20110508877575.758 
62 0.03265059950290491 0.00010619607274885617 0.00669034347291798 0.9605528609514283 20110508877575.8 
63 0.03252367420233794 9.318750221189684e-05 0.005896339939362971 0.9614867983560872 20110508877575.69 
64 0.032412199767768844 8.180792479020405e-05 0.005196157920586778 0.9623098343868542 20110508877575.688 
65 0.03231426110085874 7.184550892794727e-05 0.004578804437029542 0.9630350889531838 20110508877575.688 
66 0.032228187896933366 6.311767257925715e-05 0.0040345532414543155 0.9636741411890332 20110508877575.793 
67 0.03215252173769063 5.546668553702353e-05 0.003554803773393217 0.9642372078033791 20110508877575.805 
68 0.03208598795206853 4.875600497434202e-05 0.0031319546587706974 0.9647333013841863 20110508877575.71 
69 0.032027471483972246 4.2867208445186894e-05 0.002759290538778878 0.9651703707688036 20110508877575.703 
70 0.03197599614065306 3.76974160775776e-05 0.002430881038231816 0.9655554254050376 20110508877575.746 
71 0.0319307067042206 3.315711522606284e-05 0.002141490734085816 0.9658946454464676 20110508877575.812 
72 0.03189085347664462 2.9168317783423317e-05 0.0018864990502949984 0.9661934791552771 20110508877575.734 
73 0.03185577889998031 2.5662993718786354e-05 0.001661829079002079 0.9664567290272987 20110508877575.734 
74 0.03182490595176347 2.258173500387411e-05 0.0014638844055106155 0.9666886279077221 20110508877575.816 
75 0.031797728063270726 1.9872612520581736e-05 0.0012894930922509283 0.9668929062319578 20110508877575.78 
76 0.031773800347638666 1.7490195281391078e-05 0.0011358580528023972 0.9670728514042777 20110508877575.73 
77 0.031752731957362786 1.539470670245864e-05 0.0010005131195095131 0.9672313602164253 20110508877575.727 
78 0.03173417941770207 1.3551297029107402e-05 0.0008812841764325055 0.9673709851088363 20110508877575.74 
79 0.031717840805082026 1.1929414543810719e-05 0.0007762547928168265 0.9674939749875573 20110508877575.766 
80 0.031703450658466276 1.0502261058232249e-05 0.0006837358507473534 0.9676023112297282 20110508877575.746 
81 0.03169077552757862 9.246319537018221e-06 0.0006022387141716912 0.9676977394387127 20110508877575.703 
82 0.03167961007527703 8.140943626592007e-06 0.0005304515351670895 0.9677817974459293 20110508877575.773 
83 0.03166977366276814 7.168000449651152e-06 0.0004672183374107868 0.9678558399993714 20110508877575.773 
84 0.0316611073560268 6.311559340591717e-06 0.0004115205565697231 0.9679210605280628 20110508877575.75 
85 0.03165347130005253 5.557620290333935e-06 0.0003624607530598189 0.9679785103265973 20110508877575.72 
86 0.031646742414665016 4.89387678209196e-06 0.0003192482446528088 0.9680291154639 20110508877575.72 
87 0.03164081237160014 4.309508465348646e-06 0.00028118643504775054 0.9680736916848868 20110508877575.723 
88 0.031635585817903704 3.7949997599735227e-06 0.00024766164008074615 0.9681129575422556 20110508877575.76 
89 0.031630978815114896 3.3419810272358947e-06 0.00021813323601273208 0.9681475459678451 20110508877575.72 
90 0.03162691746762167 2.9430894065337317e-06 0.00019212497458638672 0.9681780144683854 20110508877575.78 
91 0.031623336716951965 2.591846809872406e-06 0.00016921732753359374 0.9682048541087046 20110508877575.742 
92 0.03162017928167801 2.282552901803863e-06 0.00014904073917959727 0.9682284974262406 20110508877575.816 
93 0.03161739472516209 2.0101911799437625e-06 0.00013126967994360722 0.9682493254037143 20110508877575.78 
94 0.03161493863557469 1.7703465179346658e-06 0.00011561740607290489 0.9682676736118343 20110508877575.832 
95 0.03161277190455503 1.5591327451081084e-06 0.00010183134204553512 0.9682838376206544 20110508877575.727 
96 0.03161086009255185 1.373129020323675e-06 8.968901189401838e-05 0.9682980777665339 20110508877575.684 
97 0.03160917287036694 1.2093239158743178e-06 7.899445438270007e-05 0.9683106233513344 20110508877575.836 
98 0.031607683527688224 1.0650662645668063e-06 6.957506464204624e-05 0.9683216763414052 20110508877575.824 
99 0.03160636854054435 9.38021942159738e-07 6.127881163925299e-05 0.9683314146258742 20110508877575.734 
100 0.03160520719057612 8.2613586083479e-07 5.397178684800489e-05 0.9683399948867151 20110508877575.74 
101 0.031604181229899185 7.27598539456112e-07 4.753604476211199e-05 0.9683475551267993 20110508877575.727 
102 0.03160327458607102 6.408166948802065e-07 4.186770055909866e-05 0.9683542168966749 20110508877575.79 
103 0.031602473102355574 5.643873670792013e-07 3.6875254332476265e-05 0.9683600872559448 20110508877575.69 
104 0.03160176430904261 4.970751506732294e-07 3.2478114939209175e-05 0.9683652605008675 20110508877575.68 
105 0.03160113722210732 4.377921577775143e-07 2.8605299708378122e-05 0.9683698196860265 20110508877575.746 
106 0.03160058216592753 3.8558038284097147e-07 2.519428907830286e-05 0.9683738379646114 20110508877575.777 
107 0.03160009061718191 3.3959618023337834e-07 2.21900177168283e-05 0.968377379768921 20110508877575.703 
108 0.03159965506739212 2.990966004574474e-07 1.954398587225661e-05 0.9683805018501352 20110508877575.73 
109 0.031599268901880515 2.6342736165335445e-07 1.7213476635266045e-05 0.9683832541941225 20110508877575.746 
110 0.03159892629317968 2.320122600734827e-07 1.5160866495703784e-05 0.9683856808280645 20110508877575.777 
111 0.03159862210716227 2.043438469101335e-07 1.335301807947149e-05 0.9683878205309112 20110508877575.695 
112 0.03159835182037937 1.7997521967116606e-07 1.1760745273732369e-05 0.9683897074591271 20110508877575.76 
113 0.03159811144725979 1.5851279457831368e-07 1.0358342114461956e-05 0.9683913716978312 20110508877575.797 
114 0.03159789747599672 1.3960994252303588e-07 9.123167837563416e-06 0.9683928397462233 20110508877575.71 
115 0.031597706812083404 1.2296138522920127e-07 8.035281399810975e-06 0.9683941349451316 20110508877575.75 
116 0.03159753672858673 1.0829826067931717e-07 7.0771195732462944e-06 0.9683952778535795 20110508877575.734 
117 0.03159738482234781 9.53837777703182e-08 6.233213419132605e-06 0.9683962865804554 20110508877575.727 
118 0.03159724897540969 8.400938975899814e-08 5.489938566431808e-06 0.9683971770766342 20110508877575.8 
119 0.031597127321046276 7.399142449595421e-08 4.835295264945579e-06 0.9683979633922642 20110508877575.742 
120 0.031597018213837445 6.516811687072899e-08 4.258714663520026e-06 0.9683986579033821 20110508877575.8 
121 0.031596920203318196 5.739699542261389e-08 3.750888186766622e-06 0.9683992715114995 20110508877575.71 
122 0.03159683201076403 5.055258081925989e-08 3.303617256413225e-06 0.9683998138193987 20110508877575.78 
123 0.03159675250874898 4.452435896339313e-08 2.9096809316617668e-06 0.9684002932859604 20110508877575.816 
124 0.03159668070313754 3.9214995939802926e-08 2.562719332075412e-06 0.9684007173625345 20110508877575.777 
125 0.03159661571722259 3.453876593326049e-08 2.2571309612125916e-06 0.9684010926130503 20110508877575.76 
126 0.03159655677775771 3.042016669736882e-08 1.98798227356319e-06 0.9684014248198021 20110508877575.66 
127 0.03159650320264904 2.6792700190832725e-08 1.7509280249435825e-06 0.9684017190766258 20110508877575.832 
128 0.031596454390119696 2.359779867091386e-08 1.542141120556978e-06 0.9684019798709611 20110508877575.73 
129 0.031596409809159336 2.0783878887399103e-08 1.3582508282254693e-06 0.9684022111561335 20110508877575.66 
130 0.03159636899111643 1.8305509092631183e-08 1.19628835932968e-06 0.9684024164150152 20110508877575.684 
131 0.03159633152228964 1.612267540771765e-08 1.05363893892067e-06 0.968402598716096 20110508877575.76 
132 0.03159629703740408 1.420013569158648e-08 9.279995912216271e-07 0.9684027607628691 20110508877575.7 
133 0.03159626521386063 1.2506850474224347e-08 8.173419589996415e-07 0.9684029049373298 20110508877575.766 
134 0.031596235766675015 1.1015481761124871e-08 7.198795565512934e-07 0.9684030333382866 20110508877575.703 
135 0.031596208444015575 9.701951612931818e-09 6.340389276198176e-07 0.9684031478151052 20110508877575.8 
136 0.03159618302327473 8.545053370250114e-09 5.584342426024305e-07 0.9684032499974292 20110508877575.723 
137 0.03159615930760743 7.526109244270303e-09 4.918449249298691e-07 0.9684033413213584 20110508877575.83 
138 0.03159613712288178 6.628668742990994e-09 4.331959454042133e-07 0.968403423052504 20110508877575.734 
139 0.03159611631499128 5.838243062552217e-09 3.8154046635288135e-07 0.9684034963062993 20110508877575.742 
140 0.03159609674748844 5.142071154197029e-09 3.360445553937845e-07 0.968403562065885 20110508877575.656 
141 0.03159607829950067 4.528913689047448e-09 2.9597372201903195e-07 0.9684036211978636 20110508877575.81 
142 0.03159606086389126 3.988871593506017e-09 2.606810596336558e-07 0.9684036744661776 20110508877575.777 
143 0.03159604434564098 3.513226224949669e-09 2.2959680160529004e-07 0.968403722544331 20110508877575.773 
144 0.031596028660421764 3.0942986068973325e-09 2.0221912270959633e-07 0.9684037660261571 20110508877575.816 
145 0.03159601373334024 2.7253254506477618e-09 1.78106037462897e-07 0.9684038054352968 20110508877575.66 
146 0.031595999497828174 2.400349961481949e-09 1.5686826454254584e-07 0.9684038412335574 20110508877575.777 
147 0.03159598589466969 2.1141256662844134e-09 1.3816294209286098e-07 0.9684038738282627 20110508877575.773 
148 0.03159597287113853 1.86203170971564e-09 1.2168809245190588e-07 0.9684039035787373 20110508877575.734 
149 0.031595960380239416 1.639998251267308e-09 1.0717774693367186e-07 0.9684039308020155 20110508877575.82 
150 0.031595948380042795 1.444440758640288e-09 9.439765195675557e-08 0.9684039557778644 20110508877575.758 
