0 0.9969178057909355 0.0030821942090645863 0.0 0.0 20084301075199.74 
1 0.9966916535636364 0.0013860294330058278 0.0016381311124178195 0.00028418589094004375 20110508877575.715 
2 0.9961388800085204 0.0008995995384490132 0.002277565605966496 0.000683954847064036 20110508877575.74 
3 0.9954336939032736 0.0008220862997414644 0.0026210851598110242 0.0011231346371738745 20110508877575.734 
4 0.9946557403823584 0.0008567778559364988 0.002899882263943764 0.00158759949776146 20110508877575.82 
5 0.993804089993245 0.0009276512410891268 0.0031855627033576446 0.002082696062308251 20110508877575.68 
6 0.9928617349838138 0.0010166610621889305 0.0035034341288182383 0.0026181698251790692 20110508877575.777 
7 0.9918095544539051 0.001120500293029683 0.0038656058039084505 0.0032043394491566854 20110508877575.73 
8 0.9906280307826756 0.0012397365451333156 0.004280608174507475 0.003851624497683562 20110508877575.73 
9 0.989296648990616 0.0013760937651164885 0.004756384078009557 0.0045708731662580755 20110508877575.812 
10 0.9877931226001508 0.0015317733855738324 0.0053013206983949755 0.005373783315880282 20110508877575.723 
11 0.9860927906456095 0.0017092910118745334 0.005924655442312047 0.006273262900203883 20110508877575.715 
12 0.9841681747117209 0.0019114414535273772 0.0066366612836204954 0.007283722551131192 20110508877575.715 
13 0.9819886457316542 0.0021412909996562377 0.007448741899991169 0.00842132136869832 20110508877575.66 
14 0.9795201690929255 0.002402168905984519 0.008373477628634036 0.00970418437245587 20110508877575.734 
15 0.9767251190929742 0.002697648418316036 0.009424630762199312 0.011152601726510362 20110508877575.766 
16 0.973562171487774 0.0030315117124695484 0.010617104788133618 0.012789212011622706 20110508877575.727 
17 0.9699862963696494 0.0034076934899590844 0.011966844750577412 0.014639165389814171 20110508877575.742 
18 0.9659488843686727 0.003830197512959573 0.01349066099446246 0.016730257123905374 20110508877575.727 
19 0.9613980479799026 0.004302979971617499 0.015205954936790032 0.019093017111690116 20110508877575.656 
20 0.9562791465927026 0.004829793662094274 0.017130323138658615 0.02176073660654443 20110508877575.742 
21 0.9505355876441814 0.005413987866854506 0.019281015372130964 0.02476940911683314 20110508877575.766 
22 0.9441099556175826 0.00605826095509837 0.021674224559662992 0.028157558867655978 20110508877575.723 
23 0.9369455131528595 0.006764366459644659 0.02432419268465773 0.03196592770283823 20110508877575.7 
24 0.9289881017909655 0.0075327790691836795 0.027242128443104214 0.03623699069674656 20110508877575.766 
25 0.9201884413878851 0.008362334741986865 0.0304349508173128 0.04101427305281541 20110508877575.76 
26 0.9105047853320317 0.009249868770616449 0.03390389865816854 0.0463414472391833 20110508877575.74 
27 0.8999058335734514 0.010189886244839571 0.037643079334440666 0.052261200847268256 20110508877575.8 
28 0.8883737409097264 0.01117430909893572 0.04163806693577165 0.05881388305556619 20110508877575.71 
29 0.8759069934038944 0.012192349602792084 0.04586469638732872 0.06603596060598486 20110508877575.703 
30 0.8625228770758295 0.013230557648510501 0.05028822420604994 0.07395834106960994 20110508877575.758 
31 0.8482592490025382 0.01427307526258855 0.054863027501767456 0.08260464823310582 20110508877575.73 
32 0.8331753550989464 0.01530210693013657 0.05953298133678887 0.09198955663412807 20110508877575.758 
33 0.8173515199777488 0.01629858424950461 0.06423259113019962 0.10211730464254698 20110508877575.76 
34 0.8008876453690744 0.017242976680959796 0.06888887309246769 0.11298050485749815 20110508877575.773 
35 0.7839005708224939 0.018116183051273802 0.07342388958928214 0.12455935653695005 20110508877575.723 
36 0.7665204549146952 0.01890043209561813 0.0777577737324316 0.13682133925725487 20110508877575.72 
37 0.7488864175457675 0.019580121925750975 0.08181202723026561 0.1497214332982159 20110508877575.78 
38 0.7311417411685727 0.02014253492624207 0.08551284988199494 0.16320287402319025 20110508877575.72 
39 0.7134289595866993 0.020578375030072975 0.08879425700605978 0.17719840837716797 20110508877575.773 
40 0.6958851650254274 0.0208820890160496 0.09160076089170976 0.19163198506681328 20110508877575.74 
41 0.6786378351713491 0.021051952847326263 0.09388943253609838 0.20642077944522627 20110508877575.766 
42 0.6618014224243538 0.021089926978849278 0.09563121787477637 0.22147743272202053 20110508877575.707 
43 0.6454748642181393 0.021001307693066733 0.09681145296331783 0.2367123751254762 20110508877575.758 
44 0.6297400782371144 0.020794220500038374 0.09742959639004542 0.2520361048728018 20110508877575.688 
45 0.6146614144185136 0.020479012934904377 0.09749826432978732 0.2673613083167946 20110508877575.71 
46 0.600285959587511 0.020067606375073484 0.09704170511067158 0.2826047289267439 20110508877575.75 
47 0.5866445383780493 0.01957286074695351 0.09609388053265812 0.29768872034233906 20110508877575.72 
48 0.5737532280846624 0.01900799466215187 0.0946963293710069 0.3125424478821789 20110508877575.816 
49 0.5616152028833057 0.018386089584123886 0.09289597725361336 0.32710273027895725 20110508877575.734 
50 0.5502227389881577 0.01771969276392195 0.09074303165087487 0.3413145365970455 20110508877575.74 
51 0.5395592400541988 0.017020521826844933 0.08828906726296112 0.35513117085599505 20110508877575.74 
52 0.5296011750732681 0.016299265044892167 0.08558537145616445 0.3685141884256751 20110508877575.758 
53 0.5203198540383784 0.015565465672647882 0.0826815861334228 0.38143309415555093 20110508877575.734 
54 0.5116829963540874 0.01482747587603926 0.07962465442457292 0.39386487334530035 20110508877575.77 
55 0.5036560715207687 0.014092465099230933 0.07645805918918283 0.4057934041908175 20110508877575.754 
56 0.4962034104158087 0.013366468510747619 0.07322132566239763 0.4172087954110459 20110508877575.715 
57 0.48928909875693477 0.01265446284840564 0.06994975197068756 0.428106686423972 20110508877575.77 
58 0.4828776727597634 0.011960459078932124 0.06667432761036302 0.4384875405509415 20110508877575.73 
59 0.47693464150825543 0.01128760347090384 0.06342180009284148 0.4483559549279993 20110508877575.746 
60 0.4714268620977247 0.010638280733177451 0.060214852644554395 0.45772000452454353 20110508877575.777 
61 0.46632279306701346 0.01001421467220261 0.05707236009161687 0.46659063216916696 20110508877575.723 
62 0.4615926497577935 0.009416563316846396 0.05400969505096243 0.47498109187439747 20110508877575.723 
63 0.457208482616055 0.008846006643130235 0.05103906169310213 0.4829064490477125 20110508877575.734 
64 0.4531441965204709 0.008302825928203639 0.04816983923235868 0.4903831383189667 20110508877575.723 
65 0.4493755262847373 0.007786974413220448 0.04540892169423935 0.49742857760780285 20110508877575.688 
66 0.4458799807255497 0.007298139404174033 0.04276104428621173 0.5040608355840646 20110508877575.746 
67 0.44263676521941275 0.006835796232387822 0.040229089825800486 0.5102983487223991 20110508877575.715 
68 0.43962669053480996 0.0063992546714193915 0.037814371185094266 0.5161596836086764 20110508877575.727 
69 0.4368320739262967 0.005987698497155206 0.035516887654006575 0.5216633399225417 20110508877575.727 
70 0.4342366369940648 0.005600218908647447 0.0333355545828211 0.5268275895144667 20110508877575.777 
71 0.4318254036143099 0.0052358425184712495 0.03126840671879266 0.5316703471484263 20110508877575.78 
72 0.4295846002936964 0.004893554587590548 0.029312776379386143 0.5362090687393269 20110508877575.754 
73 0.42750156055721245 0.004572318131351495 0.02746544807595695 0.5404606732354792 20110508877575.77 
74 0.425564634406363 0.004271089467531478 0.02572279147640247 0.544441484649703 20110508877575.777 
75 0.423763103451537 0.003988830719265074 0.024080874723609726 0.5481671911055882 20110508877575.727 
76 0.4220871020006803 0.0037245197283425594 0.02253556014892349 0.5516528181220537 20110508877575.727 
77 0.4205275441526036 0.0034771577797927497 0.021082584368421205 0.5549127136991824 20110508877575.74 
78 0.41907605677767445 0.0032457754879572282 0.019717624649290666 0.5579605430850777 20110508877575.742 
79 0.4177249181559772 0.003029437147985009 0.018436353302852277 0.5608092913931855 20110508877575.715 
80 0.41646700197011555 0.0028272438149963106 0.017234481713645625 0.5634712725012425 20110508877575.71 
81 0.415295726307026 0.0026383353360168267 0.016107795460580828 0.5659581428963764 20110508877575.754 
82 0.4142050073025258 0.0024618915269445526 0.015052181833476093 0.5682809193370535 20110508877575.77 
83 0.4131892170574237 0.002297132657984356 0.014063650901152825 0.5704499993834391 20110508877575.76 
84 0.4122431454607236 0.0021433193858261972 0.013138351148678241 0.5724751840047719 20110508877575.68 
85 0.41136196556956317 0.0019997522489949297 0.012272580573123599 0.5743657016083182 20110508877575.773 
86 0.41054120221473744 0.0018657708239212395 0.011462794010205333 0.5761302329511361 20110508877575.742 
87 0.4097767035227384 0.0017407526230327028 0.010705607358619003 0.5777769364956099 20110508877575.71 
88 0.4090646150687689 0.001624111802240338 0.009997799274538605 0.5793134738544521 20110508877575.754 
89 0.40840135639913433 0.0015152977333085446 0.009336310825118318 0.5807470350424389 20110508877575.73 
90 0.40778359968475675 0.0014137934864894642 0.008718243516196574 0.5820843633125572 20110508877575.69 
91 0.40720825029027236 0.001319114260244719 0.008140856044989972 0.583331779404493 20110508877575.758 
92 0.40667242906432705 0.0012308057876593442 0.007601560072509184 0.5844952050755046 20110508877575.73 
93 0.4061734561765477 0.00114844274309081 0.007097915261926516 0.5855801858184349 20110508877575.73 
94 0.4057088363449943 0.0010716271675298952 0.006627623787337645 0.5865919127001382 20110508877575.73 
95 0.4052762453144304 0.0009999869269336796 0.006188524481542688 0.5875352432770934 20110508877575.66 
96 0.4048735174610266 0.0009331742143017853 0.005778586760893793 0.5884147215637777 20110508877575.695 
97 0.4044986344126092 0.0008708641033959864 0.005395904439277193 0.5892345970447176 20110508877575.723 
98 0.4041497145858447 0.0008127531596542147 0.005038689521317561 0.5899988427331836 20110508877575.703 
99 0.4038250035526015 0.000758558111943684 0.004705266046377781 0.5907111722890771 20110508877575.74 
100 0.40352286515746794 0.0007080145872616298 0.0043940640394109646 0.5913750562158595 20110508877575.73 
101 0.4032417733169163 0.0006608759092669201 0.004103613611768704 0.5919937371620482 20110508877575.75 
102 0.40298030443837296 0.0006169119605593718 0.0038325392443289874 0.5925702443567387 20110508877575.746 
103 0.4027371304038682 0.0005759081078718313 0.003579554276433495 0.5931074072118265 20110508877575.793 
104 0.4025110120692418 0.0005376641887656157 0.0033434556168530495 0.5936078681251394 20110508877575.76 
105 0.4023007932346848 0.0005019935579911383 0.0031231186870733325 0.5940740945202508 20110508877575.73 
106 0.40210539504732173 0.00046872219136539985 0.002917492602407588 0.5945083901589052 20110508877575.703 
107 0.4019238108003817 0.00043768784480472463 0.0027255955926092867 0.5949129057622042 20110508877575.68 
108 0.4017551010970538 0.0004087392660148682 0.002546510660626012 0.5952896489763053 20110508877575.715 
109 0.40159838935042985 0.00038173545626686307 0.0023793814757678234 0.5956404937175355 20110508877575.777 
110 0.4014528575934222 0.0003565449796617989 0.002223408495746507 0.5959671889311695 20110508877575.75 
111 0.40131774257528674 0.00033304531730097447 0.0020778453106811185 0.5962713667967312 20110508877575.72 
112 0.4011923321232338 0.0003111222638203319 0.0019419952011780542 0.5965545504117677 20110508877575.71 
113 0.4010759617497898 0.00029066936381283415 0.0018152079019090545 0.5968181609844883 20110508877575.758 
114 0.40096801148806094 0.00027158738574317037 0.00169687656167519 0.5970635245645206 20110508877575.746 
115 0.4008679029386918 0.00025378383105176635 0.0015864348907059457 0.5972918783395507 20110508877575.69 
116 0.4007750965136061 0.00023717247624486265 0.001483354485862615 0.5975043765242865 20110508877575.727 
117 0.4006890888628155 0.0002216729458721314 0.0013871423244593906 0.597702095866853 20110508877575.75 
118 0.4006094104717096 0.00020721031439991297 0.0012973384175564524 0.5978860407963341 20110508877575.758 
119 0.4005356234171529 0.0001937147350953513 0.0012135136137942433 0.5980571482339576 20110508877575.742 
120 0.4004673192716988 0.00018112109414236802 0.0011352675451083974 0.5982162920890504 20110508877575.74 
121 0.4004041171458937 0.00016936868831409694 0.0010622267059739899 0.5983642874598184 20110508877575.773 
122 0.40034566185947645 0.0001584009246269129 0.000994042658165304 0.5985018945577313 20110508877575.785 
123 0.4002916222329303 0.0001481650404979136 0.0009303903533716735 0.5986298223732003 20110508877575.742 
124 0.40024168949137545 0.00013861184302064783 0.0008709665663737256 0.5987487320992302 20110508877575.703 
125 0.4001955757734342 0.0001296954660621548 0.0008154884318511857 0.5988592403286525 20110508877575.77 
126 0.40015301273816367 0.00012137314396861527 0.000763692078258431 0.5989619220396092 20110508877575.8 
127 0.40011375026362334 0.00011360500074626367 0.0007153313525626668 0.5990573133830677 20110508877575.71 
128 0.40007755523106764 0.00010635385365943115 0.0006701766299904562 0.5991459142852824 20110508877575.742 
129 0.4000442103892188 9.958503025826615e-05 0.0006280137032673218 0.5992281908772557 20110508877575.8 
130 0.4000135132933431 9.326619791510755e-05 0.0005886427461626141 0.5993045777625792 20110508877575.727 
131 0.3999852753142794 8.736720501089051e-05 0.0005518773464650488 0.5993754801342446 20110508877575.746 
132 0.39995932071285173 8.185993297137965e-05 0.0005175436038141487 0.5994412757503627 20110508877575.812 
133 0.39993548577542964 7.671815840766094e-05 0.00048547928809763 0.599502316778065 20110508877575.77 
134 0.39991361800658853 7.191742466645486e-05 0.0004555330543953445 0.5995589315143496 20110508877575.754 
135 0.3998935753752375 6.743492214352516e-05 0.0004275637107064934 0.5996114259919124 20110508877575.656 
136 0.399875225610642 6.324937675797407e-05 0.0004014395349386058 0.5996600854776614 20110508877575.715 
137 0.3998584455451324 5.93409460267691e-05 0.00037703763786498364 0.5997051758709759 20110508877575.797 
138 0.3998431205004448 5.569112221753959e-05 0.0003542433689718992 0.5997469450083657 20110508877575.785 
139 0.3998291437148092 5.228264209375332e-05 0.0003329497623187888 0.5997856238807784 20110508877575.723 
140 0.39981641580816063 4.909940279997137e-05 0.0003130570197241745 0.5998214277693152 20110508877575.703 
141 0.39980484428295393 4.6126383466171365e-05 0.00029447202876791226 0.599854557304812 20110508877575.76 
142 0.3997943430582355 4.334957213920756e-05 0.00027710791326693827 0.5998851994563584 20110508877575.707 
143 0.3997848320348161 4.075589767660906e-05 0.0002608836140377306 0.5999135284534696 20110508877575.777 
144 0.3997762366894744 3.83331662631096e-05 0.0002457234979049181 0.5999397066463575 20110508877575.688 
145 0.39976848769629825 3.607000223376361e-05 0.00023155699305178818 0.5999638853084162 20110508877575.734 
146 0.3997615205733618 3.395579290934387e-05 0.00021831824893646533 0.5999862053847924 20110508877575.723 
147 0.39975527535308425 3.198063717000566e-05 0.00020594581911655295 0.6000067981906292 20110508877575.777 
148 0.39974969627467904 3.0135297512111462e-05 0.00019438236543677898 0.600025786062372 20110508877575.715 
149 0.3997447314972724 2.8411155350671817e-05 0.00018357438213801574 0.6000432829652389 20110508877575.734 
150 0.3997403328322699 2.6800169346225293e-05 0.00017347193854343572 0.6000593950598405 20110508877575.73 
151 0.3997364554937589 2.5294836550181756e-05 0.0001640284390680699 0.6000742212306227 20110508877575.71 
152 0.3997330578656818 2.3888156176812926e-05 0.00015520039938276365 0.6000878535787586 20110508877575.78 
153 0.39973010128473435 2.257359582325141e-05 0.00014694723764243153 0.6001003778818 20110508877575.703 
154 0.3997275498378706 2.1345059971102862e-05 0.00013923107976214288 0.6001118740223962 20110508877575.777 
155 0.3997253701735252 2.01968606146958e-05 0.00013201657779331674 0.6001224163880668 20110508877575.754 
156 0.39972353132556654 1.9123689871594027e-05 0.00012527074051626384 0.6001320742440457 20110508877575.785 
157 0.39972200454915696 1.812059444088749e-05 0.00011896277542514374 0.6001409120809769 20110508877575.754 
158 0.3997207631677415 1.7182951783965294e-05 0.00011306394133705122 0.6001489899391375 20110508877575.742 
159 0.399719782430412 1.6306447911037422e-05 0.00010754741090890488 0.6001563637107681 20110508877575.754 
160 0.3997190393789258 1.5487056664641308e-05 0.00010238814239421902 0.6001630854220152 20110508877575.754 
161 0.39971851272377945 1.4721020398784233e-05 9.756276001699907e-05 0.6001692034958047 20110508877575.734 
162 0.3997181827286919 1.4004831959286078e-05 9.304944238210212e-05 0.6001747629969668 20110508877575.77 
163 0.39971803110294146 1.3335217877313696e-05 8.88278183806152e-05 0.6001798058608006 20110508877575.77 
164 0.3997180409010566 1.2709122694093288e-05 8.487887008542052e-05 0.600184371106164 20110508877575.7 
165 0.39971819642932915 1.2123694340359808e-05 8.11848421662046e-05 0.6001884950341644 20110508877575.73 
166 0.3997184831586983 1.1576270499305412e-05 7.772915738498546e-05 0.6001922114134174 20110508877575.703 
167 0.399718887643609 1.1064365886620585e-05 7.449633776284226e-05 0.6001955516527415 20110508877575.75 
168 0.39971939744639495 1.0585660385736436e-05 7.147193103620894e-05 0.6001985449621831 20110508877575.77 
169 0.3997200010668477 1.0137987980572077e-05 6.864244204683854e-05 0.600201218503125 20110508877575.73 
170 0.3997206878766066 9.719326432005515e-06 6.599526873355278e-05 0.6002035975282279 20110508877575.668 
171 0.3997214480580658 9.327787647930369e-06 6.351864241632823e-05 0.6002057055118699 20110508877575.754 
172 0.39972227254742615 8.961608700158962e-06 6.120157208410131e-05 0.6002075642717897 20110508877575.676 
173 0.3997231529817322 8.619143444594202e-06 5.903379241717832e-05 0.6002091940824059 20110508877575.742 
174 0.39972408164948464 8.298854704046932e-06 5.700571529327668e-05 0.600210613780518 20110508877575.785 
175 0.39972505144470116 7.999306975816651e-06 5.5108384543129756e-05 0.6002118408637799 20110508877575.734 
176 0.39972605582411064 7.719159628721855e-06 5.3333433737394226e-05 0.6002128915825232 20110508877575.676 
177 0.39972708876734453 7.457160556648809e-06 5.1673046801288964e-05 0.6002137810252977 20110508877575.746 
178 0.3997281447398194 7.212140257914121e-06 5.011992126712181e-05 0.6002145231986555 20110508877575.723 
179 0.3997292186582447 6.9830063118096445e-06 4.8667233987646526e-05 0.600215131101456 20110508877575.695 
180 0.39973030585849034 6.76873822563226e-06 4.7308609145119696e-05 0.6002156167941389 20110508877575.78 
181 0.39973140206567187 6.568382627301699e-06 4.60380884020527e-05 0.6002159914632988 20110508877575.715 
182 0.3997325033663505 6.381048780349154e-06 4.485010305001022e-05 0.6002162654818192 20110508877575.74 
183 0.3997336061826286 6.205904399626727e-06 4.373944802249079e-05 0.6002164484649493 20110508877575.742 
184 0.399734707248058 6.042171747545078e-06 4.270125764693475e-05 0.6002165493225476 20110508877575.74 
185 0.3997358035852486 5.889123992009856e-06 4.173098301930637e-05 0.60021657630774 20110508877575.75 
186 0.3997368924849923 5.746081808493363e-06 4.0824370892547246e-05 0.6002165370623068 20110508877575.742 
187 0.3997379714869146 5.612410209863764e-06 3.997744397750535e-05 0.6002164386588981 20110508877575.723 
188 0.3997390383613893 5.487515588694166e-06 3.9186482561755224e-05 0.6002162876404603 20110508877575.73 
189 0.39974009109281083 5.370842957803409e-06 3.844800735809373e-05 0.6002160900568732 20110508877575.75 
190 0.3997411278639782 5.261873375738818e-06 3.775876350041334e-05 0.6002158514991456 20110508877575.758 
191 0.3997421470415889 5.160121544804884e-06 3.711570561019001e-05 0.6002155771312562 20110508877575.797 
192 0.39974314716277193 5.065133570074867e-06 3.65159838619759e-05 0.600215271719796 20110508877575.734 
193 0.3997441269225457 4.976484868599787e-06 3.595693098109416e-05 0.6002149396616047 20110508877575.742 
194 0.39974508516215884 4.893778218753927e-06 3.543605011121733e-05 0.6002145850095113 20110508877575.785 
195 0.3997460208582862 4.816641940330914e-06 3.495100349369288e-05 0.6002142114962798 20110508877575.734 
196 0.3997469331129388 4.744728196634855e-06 3.449960190437309e-05 0.6002138225569602 20110508877575.77 
197 0.3997478211441168 4.677711410398966e-06 3.407979479735068e-05 0.6002134213496755 20110508877575.74 
198 0.39974868427712623 4.615286785910362e-06 3.368966110838168e-05 0.6002130107749795 20110508877575.734 
199 0.39974952193650354 4.557168930232666e-06 3.3327400673951775e-05 0.6002125934938923 20110508877575.742 
200 0.399750333638493 4.503090566892194e-06 3.299132622487575e-05 0.6002121719447152 20110508877575.72 
