0 0.9999768408360213 2.3159163978609963e-05 0.0 0.0 20110362284039.74 
1 0.9999864245721157 5.4957141956739906e-06 6.95289459108923e-06 1.1268190976741638e-06 20110508877575.73 
2 0.999990523924342 2.0657549452492057e-06 5.803112156365172e-06 1.6072085565207721e-06 20110508877575.742 
3 0.9999924439618251 1.3010486858798883e-06 4.482428905864189e-06 1.7725605831413031e-06 20110508877575.785 
4 0.9999933315613477 1.0546119292520764e-06 3.7157406932914488e-06 1.8980860297159801e-06 20110508877575.715 
5 0.9999935298269917 9.736466514807715e-07 3.393876834766524e-06 2.102649522049521e-06 20110508877575.77 
6 0.99999320949084 9.807114124309872e-07 3.3836321024900614e-06 2.426165644915611e-06 20110508877575.73 
7 0.9999924731024998 1.0488967887144363e-06 3.5994379519055637e-06 2.8785627595606583e-06 20110508877575.707 
8 0.999991380080321 1.1655531461511575e-06 3.992390952110546e-06 3.461975580627762e-06 20110508877575.78 
9 0.9999899584529128 1.3246047718603841e-06 4.53736917181856e-06 4.179573143501616e-06 20110508877575.777 
10 0.9999882125946258 1.5239839142844299e-06 5.2248048437261125e-06 5.038616616324337e-06 20110508877575.74 
11 0.9999861285158612 1.7643996982243724e-06 6.055816820099252e-06 6.0512676204842105e-06 20110508877575.75 
12 0.9999836772916569 2.048656241223009e-06 7.039387331066244e-06 7.234664770745893e-06 20110508877575.734 
13 0.9999808170588569 2.3812739197404355e-06 8.1907835499201e-06 8.610883673541813e-06 20110508877575.71 
14 0.9999774939253135 2.7683025032270473e-06 9.530764657078138e-06 1.0207007526136216e-05 20110508877575.656 
15 0.9999736420483648 3.2172650764481563e-06 1.1085308837691342e-05 1.2055377721043205e-05 20110508877575.734 
16 0.9999691830617495 3.7371967817820368e-06 1.2885705251710402e-05 1.4194036216957618e-05 20110508877575.773 
17 0.9999640249659083 4.338757149802393e-06 1.4968921353246682e-05 1.6667355588589276e-05 20110508877575.83 
18 0.9999580605464555 5.034404194190746e-06 1.7378196202060616e-05 1.952685314834955e-05 20110508877575.777 
19 0.9999511653471648 5.838624788794968e-06 2.0163836410243793e-05 2.2832191635968908e-05 20110508877575.777 
20 0.999943195194079 6.7682203358553225e-06 2.3384209083269065e-05 2.6652376501789877e-05 20110508877575.742 
21 0.9999339832435332 7.842650103734785e-06 2.71069390030823e-05 3.106716735984795e-05 20110508877575.668 
22 0.9999233365067283 9.08443732682824e-06 3.141032745329308e-05 3.616872849171196e-05 20110508877575.793 
23 0.9999110317851334 1.0519645532901034e-05 3.638501883106158e-05 4.206355050266737e-05 20110508877575.812 
24 0.9998968109331057 1.2178434812885032e-05 4.213594941694158e-05 4.887468266452259e-05 20110508877575.727 
25 0.9998803753455004 1.4095710035565862e-05 4.878462101731013e-05 5.674432344661792e-05 20110508877575.74 
26 0.9998613795478444 1.631187545892423e-05 5.6471751140905425e-05 6.5836825555647e-05 20110508877575.727 
27 0.9998394237439847 1.8873712903455812e-05 6.536036132569321e-05 7.634218178603521e-05 20110508877575.727 
28 0.9998140451502855 2.183540371947906e-05 7.563937655614061e-05 8.848006943882151e-05 20110508877575.742 
29 0.9997847079156511 2.525971827968756e-05 8.75278217451866e-05 0.00010250454432394951 20110508877575.85 
30 0.999750791392174 2.9219400729955864e-05 0.0001012797163293889 0.00011870949076674814 20110508877575.742 
31 0.9997115764812872 3.379878129108039e-05 0.00011718978545277891 0.0001374349519688897 20110508877575.734 
32 0.9996662297342525 3.909565355122731e-05 0.0001356001262679027 0.00015907448592854495 20110508877575.793 
33 0.9996137848330273 4.5223459906088944e-05 0.00015690799074605905 0.00018408371632054087 20110508877575.78 
34 0.9995531210177508 5.23138344924063e-05 0.00018157487207319233 0.00021299027568365075 20110508877575.66 
35 0.9994829379603993 6.051955938473949e-05 0.00021013710990452808 0.0002464053703113716 20110508877575.81 
36 0.9994017265117627 7.001799602623195e-05 0.00024321825960167015 0.0002850372326092945 20110508877575.625 
37 0.9993077346733503 8.101505903013708e-05 0.00028154350031347 0.0003297067673061609 20110508877575.75 
38 0.9991989280723266 9.374980226826304e-05 0.00032595638317039626 0.0003813657422349183 20110508877575.73 
39 0.999072944155056 0.00010849968540177347 0.0003774382384886496 0.0004411179210536176 20110508877575.68 
40 0.9989270392780895 0.00012558657941556288 0.00043713056094475455 0.0005102435815501997 20110508877575.79 
41 0.9987580278875468 0.0001453835474629312 0.0005063606606565216 0.0005902279043339441 20110508877575.766 
42 0.9985622130731687 0.00016832239570034374 0.0005866707860814236 0.0006827937450494206 20110508877575.78 
43 0.9983353080101163 0.0001949019191135924 0.0006798507638492209 0.0007899393069210295 20110508877575.727 
44 0.9980723482229708 0.00022569665963311834 0.0007879739250884243 0.0009139811923076194 20110508877575.734 
45 0.997767595296092 0.0002613658391376484 0.0009134356559261333 0.0010576032088441838 20110508877575.77 
46 0.9974144336817379 0.0003026619255574966 0.0010589932835388084 0.0012239111091657331 20110508877575.656 
47 0.9970052636529854 0.00035043804970437544 0.0012278051741214816 0.0014164931231887819 20110508877575.812 
48 0.9965313951422162 0.00040565325895602607 0.0014234659221591792 0.0016394856766684728 20110508877575.69 
49 0.9959829489327418 0.00046937446799235493 0.0016500335154604252 0.0018976430838056077 20110508877575.812 
50 0.9953487728633871 0.0005427741082217097 0.0019120437144348212 0.0021964093139564722 20110508877575.75 
51 0.9946163804327409 0.0006271231012882287 0.002214507156277608 0.0025419893096932057 20110508877575.734 
52 0.9937719162621647 0.0007237800854195553 0.00256288661888453 0.0029414170335311726 20110508877575.723 
53 0.9928001462658034 0.0008341798312221179 0.0029630561063103914 0.0034026177966641306 20110508877575.74 
54 0.9916844600008896 0.0009598261347364211 0.0034212500326859033 0.003934463831688064 20110508877575.746 
55 0.9904068603223378 0.0011022962766970533 0.003944018710652045 0.0045468246903131 20110508877575.715 
56 0.9889479052310474 0.001263264093674374 0.004538213029542091 0.005250617645736251 20110508877575.766 
57 0.9872865642592643 0.0014445456715929642 0.005211023007826201 0.006057867061316483 20110508877575.754 
58 0.9853999616779521 0.0016481654509310677 0.005970088516446202 0.00698178435467078 20110508877575.746 
59 0.9832630023900082 0.001876432475543327 0.0068236848316327705 0.008036880302815649 20110508877575.71 
60 0.9808479091169454 0.0021320094145700626 0.007780963457900604 0.00923911801058386 20110508877575.74 
61 0.978123731638471 0.002417954111042229 0.008852206309864719 0.010606107940622146 20110508877575.707 
62 0.9750559088095078 0.0027377168653353657 0.010049037026321038 0.012157337298835951 20110508877575.684 
63 0.971605964395044 0.003095085680363349 0.011384532898872528 0.013914417025720228 20110508877575.742 
64 0.9677314003281555 0.0034940822387762465 0.012873194566777066 0.015901322866291243 20110508877575.766 
65 0.9633858267717729 0.003938818195386022 0.014530751445052226 0.018144603587788834 20110508877575.715 
66 0.9585193503455339 0.004433321521394654 0.016373799171623096 0.020673528961448393 20110508877575.746 
67 0.9530792366208032 0.004981337543534259 0.01841927466506881 0.023520151170593615 20110508877575.746 
68 0.9470108675312743 0.0055861033872827304 0.020683774674913568 0.026719254406529343 20110508877575.74 
69 0.9402590198875274 0.006250091915203131 0.02318272023853083 0.030308167958738693 20110508877575.777 
70 0.9327694890992262 0.00697472360017642 0.025929368772839294 0.03432641852775809 20110508877575.734 
71 0.9244910678183506 0.007760051230250782 0.028933682032939022 0.03881519891845976 20110508877575.72 
72 0.9153778620839746 0.008604430908559113 0.03220107298717731 0.04381663402028881 20110508877575.695 
73 0.9053918899078018 0.009504201630997565 0.035731076323568624 0.049372832137631974 20110508877575.75 
74 0.8945058625417956 0.010453403526806043 0.03951601298012413 0.05552472095127425 20110508877575.72 
75 0.8827060011818996 0.01144357069317405 0.04353974533092086 0.062310682794005555 20110508877575.766 
76 0.8699946970824304 0.012463637394979653 0.04777664250510622 0.06976502301748372 20110508877575.734 
77 0.8563927881391077 0.01349999489707879 0.05219089017382308 0.07791632678999033 20110508877575.777 
78 0.8419412084469599 0.014536728965818375 0.056736280941323165 0.08678578164589848 20110508877575.77 
79 0.8267017776159131 0.015556054259724353 0.061356605463453597 0.09638556266090897 20110508877575.74 
80 0.8107569398541313 0.016538941755794737 0.06598672752359815 0.10671739086647596 20110508877575.777 
81 0.7942083401886957 0.017465911017632597 0.07055436875102865 0.1177713800426431 20110508877575.785 
82 0.7771742309547056 0.018317934177820006 0.0749825552041722 0.12952527966330232 20110508877575.76 
83 0.7597858228184504 0.019077377756944243 0.07919259808730707 0.14194420133729815 20110508877575.723 
84 0.7421828125688723 0.019728896633339738 0.08310740728647224 0.15498088351131584 20110508877575.723 
85 0.7245084144877147 0.020260194979152168 0.08665488287610222 0.16857650765703083 20110508877575.754 
86 0.7069042762538861 0.02066258262867996 0.08977110740065429 0.18266203371677953 20110508877575.742 
87 0.6895056645775522 0.020931280006144172 0.09240307613915406 0.1971599792771494 20110508877575.742 
88 0.6724372605688812 0.021065455769157655 0.09451075203888626 0.21198653162307474 20110508877575.71 
89 0.6558098202382736 0.02106801282527578 0.09606830796151483 0.22705385897493577 20110508877575.734 
90 0.6397178480910812 0.020945164782117196 0.09706450800371702 0.24227247912308458 20110508877575.727 
91 0.6242383203091093 0.02070586229949552 0.09750226720665243 0.2575535501847427 20110508877575.78 
92 0.6094303951699854 0.02036113570144938 0.09739750214678376 0.2728109669817814 20110508877575.777 
93 0.5953359736498905 0.01992341736298959 0.09677743521569156 0.28796317377142827 20110508877575.76 
94 0.5819809277397896 0.019405897250175427 0.0956785396398341 0.302934635370201 20110508877575.73 
95 0.5693767972082386 0.018821950738281506 0.09414431209805582 0.31765693995542404 20110508877575.742 
96 0.5575227625068248 0.01818466252389345 0.09222304025125792 0.33206953471802386 20110508877575.734 
97 0.5464077252261333 0.0175064564591792 0.08996570037955644 0.3461201179351311 20110508877575.71 
98 0.5360123606306239 0.01679882992278678 0.08742408247893184 0.35976472696765754 20110508877575.734 
99 0.5263110429506791 0.016072183470222965 0.0846492023811315 0.37296757119796636 20110508877575.77 
100 0.517273578536907 0.015335731867995443 0.08169002684677792 0.38570066274831966 20110508877575.746 
101 0.5088667117062668 0.01459748068567102 0.07859251050049838 0.39794329710756393 20110508877575.715 
102 0.5010553917198015 0.013864252697063621 0.07539892375983784 0.4096814318232969 20110508877575.727 
103 0.49380380660471407 0.0131417497233542 0.07214743826091265 0.4209070054110191 20110508877575.75 
104 0.4870762010213238 0.012434637636873509 0.06887192971107094 0.4316172316307317 20110508877575.766 
105 0.4808375020427032 0.011746644580230862 0.06560195628785787 0.44181389708920804 20110508877575.766 
106 0.4750537796610235 0.011080664734972738 0.062362872296265914 0.45150268330773785 20110508877575.727 
107 0.46969256911635343 0.0104388620168285 0.059176040567058184 0.46069252829975993 20110508877575.727 
108 0.4647230806710187 0.009822769796568043 0.05605911202438536 0.46939503750802797 20110508877575.727 
109 0.4601163199519559 0.00923338412768892 0.05302634621516888 0.4776239497051863 20110508877575.75 
110 0.4558451389946124 0.008671249025449813 0.05008895185232167 0.4853946601276161 20110508877575.703 
111 0.45188423502059477 0.008136533127536968 0.04725543125153853 0.4927238006003297 20110508877575.793 
112 0.4482101110093691 0.007629097623604521 0.044531916762056374 0.49962887460497 20110508877575.74 
113 0.44480100942127926 0.007148555717085705 0.04192249084013927 0.5061279440214959 20110508877575.73 
114 0.44163682806236476 0.006694324121037631 0.0394294842981414 0.5122393635184562 20110508877575.69 
115 0.438699025068438 0.006265667226521505 0.03705374953400973 0.5179815581710306 20110508877575.742 
116 0.4359705183136744 0.005861734646230921 0.03479490728129578 0.5233728397587989 20110508877575.79 
117 0.4334355831874797 0.005481592850315554 0.032651566701519565 0.5284312572606852 20110508877575.723 
118 0.4310797515941033 0.005124251592598722 0.030621519551330523 0.5331744772619674 20110508877575.742 
119 0.4288897141719451 0.004788685786105899 0.02870190977174866 0.5376196902702004 20110508877575.695 
120 0.4268532270650682 0.004473853435895365 0.026889380231935548 0.541783539267101 20110508877575.734 
121 0.42495902407243763 0.004178710180801489 0.025180198571196983 0.5456820671755639 20110508877575.746 
122 0.4231967346204593 0.0039022209380278226 0.02357036416593392 0.5493306802755789 20110508877575.707 
123 0.42155680772482235 0.0036433690882686606 0.022055698239728527 0.5527441249471805 20110508877575.742 
124 0.42003044190709443 0.0034011635858522183 0.020631919063263334 0.5559364754437901 20110508877575.74 
125 0.41860952089170894 0.0031746443292176288 0.019294704078404314 0.5589211307006692 20110508877575.684 
126 0.4172865548160212 0.002962886082294069 0.018039740644022695 0.561710818457662 20110508877575.734 
127 0.41605462662814746 0.002765001197151725 0.016862766952182456 0.5643176052225183 20110508877575.82 
128 0.4149073433155795 0.002580141352528354 0.015759604510886933 0.5667529108210052 20110508877575.754 
129 0.41383879159489434 0.002407498491271369 0.014726183439730386 0.5690275264741038 20110508877575.668 
130 0.4128434976939874 0.0022463051120638713 0.01375856168158523 0.5711516355123636 20110508877575.78 
131 0.41191639086863996 0.002095834046683396 0.012852939099382014 0.5731348359852946 20110508877575.727 
132 0.41105277031220294 0.0019553978331253836 0.012005667303557866 0.5749861645511137 20110508877575.715 
133 0.41024827513779055 0.0018243477768696591 0.011213255943453565 0.576714121141886 20110508877575.72 
134 0.40949885713545203 0.0017020727770496592 0.010472376094895085 0.5783266939926031 20110508877575.754 
135 0.40880075603042704 0.00158799798100322 0.009779861286092591 0.5798313847024771 20110508877575.75 
136 0.40815047699252854 0.001481583319361549 0.009132706624238202 0.5812352330638718 20110508877575.695 
137 0.4075447701696274 0.0013823219642199942 0.008528066415080493 0.582544841451072 20110508877575.73 
138 0.40698061204028274 0.0012897387448057853 0.007963250606493456 0.5837663986084181 20110508877575.77 
139 0.4064551884011058 0.0012033885482128357 0.0074357203338178595 0.5849057027168636 20110508877575.746 
140 0.4059658788235614 0.0011228547270358351 0.006943082798719763 0.585968183650683 20110508877575.754 
141 0.40551024243233535 0.0010477475309459724 0.006483085673699556 0.5869589243630191 20110508877575.79 
142 0.4050860048734292 0.0009777025752747436 0.006053611190447463 0.5878826813608485 20110508877575.715 
143 0.40469104635437136 0.0009123793563863319 0.005652670041305571 0.5887439042479368 20110508877575.76 
144 0.40432339065195594 0.0008514598209228374 0.005278395198527317 0.5895467543285937 20110508877575.785 
145 0.4039811949944643 0.0007946469938048975 0.004929035735253806 0.590295122276477 20110508877575.758 
146 0.4036627407355495 0.0007416636680892226 0.004602950714654957 0.5909926448817063 20110508877575.71 
147 0.4033664247461755 0.0006922511583534915 0.004298603199042698 0.5916427208964283 20110508877575.766 
148 0.4030907514590238 0.0006461681181421863 0.004014554418570148 0.5922485260042639 20110508877575.742 
149 0.40283432550698556 0.0006031894211141005 0.0037494581290154526 0.592813026942885 20110508877575.67 
150 0.40259584490356953 0.000563105104841747 0.003502055179818237 0.5933389948117705 20110508877575.742 
151 0.40237409471875046 0.0005257193756891909 0.003271168306710816 0.5938290175988495 20110508877575.72 
152 0.40216794120847754 0.0004908496728074285 0.0030556971577366822 0.5942855119609783 20110508877575.777 
153 0.4019763263605336 0.0004583257890107028 0.002854613556977219 0.5947107342934784 20110508877575.74 
154 0.4017982628230988 0.00042798904611098594 0.0026669570067339656 0.5951067911240562 20110508877575.72 
155 0.4016328291857703 0.00039969152217437864 0.002491830426097159 0.595475648865958 20110508877575.715 
156 0.40147916558569385 0.00037329532810681943 0.0023283961216390464 0.5958191429645603 20110508877575.715 
157 0.4013364696140553 0.00034867193096560115 0.0021758719843005124 0.5961389864706785 20110508877575.71 
158 0.4012039925004429 0.0003257015214173581 0.002033527905294053 0.5964367780728456 20110508877575.72 
159 0.4010810355547015 0.00030427242281410455 0.0019006824029551108 0.5967140096195293 20110508877575.69 
160 0.40096694684756473 0.00028428053943000477 0.0017766994518652877 0.59697207316114 20110508877575.727 
161 0.4008611181130421 0.00026562884148709177 0.0016609855051957338 0.597212267540275 20110508877575.758 
162 0.4007629818569723 0.0002482268846937876 0.001552986701027674 0.5974358045573062 20110508877575.76 
163 0.4006720086573321 0.0002319903621223426 0.0014521862433645005 0.5976438147371811 20110508877575.777 
164 0.40058770464311144 0.0002168406863571287 0.0013581019486214496 0.5978373527219099 20110508877575.72 
165 0.4005096091396296 0.00020270459995311134 0.0012702839485411034 0.5980174023118762 20110508877575.734 
166 0.40043729246892823 0.0001895138123509364 0.0011883125407129544 0.5981848811780079 20110508877575.734 
167 0.4003703538949247 0.0001772046615005372 0.0011117961781555458 0.5983406452654193 20110508877575.723 
168 0.4003084197036179 0.00016571779854811637 0.0010403695897356268 0.5984854929080984 20110508877575.754 
169 0.4002511414093985 0.0001549978940409481 0.0009736920235402053 0.5986201686730203 20110508877575.74 
170 0.4001981940791368 0.0001449933642002039 0.0009114456056719719 0.598745366950991 20110508877575.707 
171 0.4001492747663056 0.00013565611590361006 0.0008533338073026813 0.5988617353104881 20110508877575.707 
172 0.40010410104791494 0.00012694130910697788 0.0007990800131830385 0.598969877629795 20110508877575.695 
173 0.40006240965753986 0.00011880713551633225 0.0007484261851697902 0.5990703570217741 20110508877575.727 
174 0.4000239552081752 0.00011121461240066082 0.0007011316146854293 0.5991636985647386 20110508877575.793 
175 0.3999885089990332 0.00010412739050906755 0.0006569717583720524 0.5992503918520857 20110508877575.746 
176 0.399955857900875 9.751157512556862e-05 0.0006157371515352221 0.5993308933724643 20110508877575.83 
177 0.3999258033147075 9.13355593599998e-05 0.0005772323942957225 0.5994056287316366 20110508877575.79 
178 0.3998981601991169 8.556986883465219e-05 0.0005412752056754471 0.599474994726373 20110508877575.766 
179 0.39987275616176216 8.0187016983562e-05 0.0005076955411378447 0.5995393612801164 20110508877575.75 
180 0.3998494306108231 7.516137023491745e-05 0.00047633476938312706 0.5995990732495587 20110508877575.76 
181 0.39982803396257804 7.046902239713599e-05 0.00044704490446391767 0.5996544521105609 20110508877575.77 
182 0.3998084269013689 6.608767761588221e-05 0.0004196878895380389 0.5997057975314772 20110508877575.72 
183 0.39979047968860315 6.199654131291381e-05 0.00039413492881226124 0.5997533888412716 20110508877575.73 
184 0.3997740715175794 5.817621855829079e-05 0.00037026586445433704 0.5997974863994079 20110508877575.703 
185 0.3997590899111012 5.460861936536926e-05 0.00034796859546088035 0.5998383328740726 20110508877575.78 
186 0.3997454301591622 5.127687043331523e-05 0.00032713853566642553 0.599876154434738 20110508877575.76 
187 0.3997329947940201 4.8165232894714585e-05 0.0003076781082645595 0.5999111618648205 20110508877575.688 
188 0.39972169310023886 4.525902565647511e-05 0.000289496274385976 0.5999435515997188 20110508877575.74 
189 0.39971144065736525 4.254455395070261e-05 0.0002725080934415993 0.5999735066952425 20110508877575.688 
190 0.3997021589131875 4.000904273871388e-05 0.000256634313091414 0.6000011977309824 20110508877575.79 
191 0.3996937747854439 3.764057463604643e-05 0.00024180098684280061 0.6000267836530774 20110508877575.723 
192 0.3996862202902129 3.5428032049237735e-05 0.00022793911741554745 0.6000504125603224 20110508877575.746 
193 0.39967943219518326 3.336104323653891e-05 0.00021498432413599795 0.6000722224374442 20110508877575.734 
194 0.3996733516961234 3.14299320245428e-05 0.0002028765327391823 0.6000923418391129 20110508877575.75 
195 0.39966792411511204 2.9625670931228596e-05 0.0001915596860671157 0.6001108905278896 20110508877575.703 
196 0.3996630986190077 2.793983746308133e-05 0.0001809814742530859 0.6001279800692761 20110508877575.72 
197 0.3996588279568421 2.6364573369967225e-05 0.0001710930830769013 0.6001437143867111 20110508877575.785 
198 0.39965506821489644 2.489254665630144e-05 0.00016184895926473302 0.6001581902791825 20110508877575.72 
199 0.3996517785882803 2.351691616090482e-05 0.00015320659158996435 0.6001714979039687 20110508877575.723 
200 0.3996489211678993 2.223129853082677e-05 0.00014512630670875123 0.6001837212268611 20110508877575.688 
