0 0.9995885717885261 0.00041142821147382844 0.0 0.0 20106794839047.74 
1 0.9996612424751388 0.00013867213293174507 0.00017165261647217295 2.8432775457228302e-05 20110508877575.734 
2 0.9996436883166738 8.035226702398371e-05 0.00021500711602730752 6.095230027486504e-05 20110508877575.777 
3 0.9995866796437405 7.344738915244448e-05 0.00024279015161544868 9.708281549149262e-05 20110508877575.78 
4 0.9995087787253614 7.915604302575399e-05 0.0002738485532253959 0.00013821667838746085 20110508877575.766 
5 0.9994134693732661 8.93379401321045e-05 0.0003114872702001406 0.00018570541640161234 20110508877575.766 
6 0.9993003440064578 0.0001022494955110151 0.00035657292230788424 0.000240833575723319 20110508877575.688 
7 0.9991676595898374 0.00011763302337020925 0.0004097908701481139 0.00030491651664424124 20110508877575.703 
8 0.9990129884907233 0.000135633247321484 0.0004720090103656495 0.00037936925158961834 20110508877575.754 
9 0.9988333803941453 0.0001565407728079744 0.0005443210374102285 0.00046575779563656495 20110508877575.71 
10 0.998625373014641 0.00018073059055233033 0.0006280511606228912 0.0005658452341835904 20110508877575.74 
11 0.998384946181862 0.00020865064098875456 0.0007247657334343477 0.0006816374437149321 20110508877575.727 
12 0.9981074496062764 0.00024082462509837177 0.0008362952903496274 0.0008154304782755503 20110508877575.754 
13 0.9977875144421414 0.0002778596913386639 0.0009647649201058604 0.0009698609464139664 20110508877575.66 
14 0.9974189514907482 0.000320456463533011 0.0011126313890603217 0.001147960656658461 20110508877575.75 
15 0.9969946360788245 0.00036942072957806677 0.0012827263476960975 0.0013532168439010855 20110508877575.75 
16 0.9965063785910512 0.0004256766202775729 0.00147830550522106 0.0015896392834503566 20110508877575.793 
17 0.9959447793379214 0.0004902812254428475 0.0017031038807392865 0.001861835555896449 20110508877575.75 
18 0.9952990665197416 0.0005644405794631874 0.001961397241305765 0.0021750956594893257 20110508877575.773 
19 0.9945569163765364 0.0006495268689569438 0.002258069675208038 0.0025354870792986778 20110508877575.664 
20 0.9937042551830588 0.0007470965828300692 0.0025986869334216536 0.002949961300689379 20110508877575.793 
21 0.9927250436131246 0.0008589091334883491 0.0029895746805759797 0.003426472572811252 20110508877575.76 
22 0.9916010452537513 0.000986945213388678 0.0034379000834974215 0.003974109449362664 20110508877575.707 
23 0.9903115828194698 0.0011334237980125607 0.003951754170312914 0.004603239212204661 20110508877575.742 
24 0.9888332880336862 0.0013008162526669089 0.004540231051373668 0.005325664662273153 20110508877575.742 
25 0.9871398543216318 0.0014918554465823079 0.005213498353388498 0.006154791878397443 20110508877575.71 
26 0.9852018054398857 0.0017095371506963702 0.005982851074536361 0.0071058063348814135 20110508877575.754 
27 0.9829862978308114 0.001957110369788677 0.0068607386143953435 0.008195853185004659 20110508877575.73 
28 0.9804569794338359 0.002238052779537198 0.007860752233458739 0.009444215553168293 20110508877575.766 
29 0.9775739321067399 0.0025560273272982573 0.008997558161370812 0.010872482404591178 20110508877575.734 
30 0.97429372749425 0.002914816575732835 0.010286760764188042 0.012504695165829117 20110508877575.7 
31 0.9705696257706191 0.0033182326982804846 0.011744681461927238 0.014367460069173091 20110508877575.727 
32 0.9663519423962906 0.0037700030328410386 0.013388042988668414 0.016490011582200027 20110508877575.67 
33 0.9615886007381651 0.004273633061884392 0.015233554628675348 0.01890421157127518 20110508877575.715 
34 0.9562258813659542 0.004832249384581575 0.01729740022267455 0.021644469026789542 20110508877575.67 
35 0.9502093768189287 0.005448423581893825 0.01959463384692469 0.02474756575225259 20110508877575.734 
36 0.9434851666726556 0.006123974104028703 0.022138485688961804 0.02825237353435384 20110508877575.727 
37 0.9360012390303981 0.006859739899746665 0.024939573769865542 0.03219944729998964 20110508877575.797 
38 0.9277091913657082 0.007655320319350284 0.028005011439936132 0.03663047687500544 20110508877575.75 
39 0.9185662337800544 0.008508783493367644 0.031337404027051353 0.0415875786995266 20110508877575.785 
40 0.9085374844200955 0.009416358908835418 0.03493374609401866 0.0471124105770505 20110508877575.7 
41 0.89759849338334 0.010372144791294058 0.038784262423363594 0.05324509940200259 20110508877575.75 
42 0.885737869326128 0.011367871994426758 0.04287127384679532 0.06002298483265 20110508877575.695 
43 0.8729598251367815 0.012392770469611587 0.04716820383276523 0.06747920056084156 20110508877575.727 
44 0.8592864152403633 0.013433581850265344 0.05163886546490695 0.07564113744446443 20110508877575.793 
45 0.844759214318864 0.014474753008148728 0.056237175925726024 0.08452885674726117 20110508877575.754 
46 0.8294401922560888 0.015498830701571896 0.06090743316008345 0.09415354388225604 20110508877575.73 
47 0.8134115794157399 0.016487056547622097 0.06558525433424305 0.10451610970239499 20110508877575.676 
48 0.7967745920891874 0.017420136066820944 0.07019921804669246 0.11560605379729921 20110508877575.75 
49 0.7796469941419424 0.01827912942886522 0.07467317696002321 0.12740069946916918 20110508877575.758 
50 0.7621595933777545 0.019046390012765053 0.07892912487123847 0.1398648917382419 20110508877575.703 
51 0.7444518908378421 0.01970646468506465 0.08289042574938996 0.1529512187277033 20110508877575.777 
52 0.7266671984794764 0.020246869697047764 0.08648515560725017 0.16660077621622565 20110508877575.727 
53 0.7089475991127765 0.020658668878881806 0.08964928203529796 0.18074444997304384 20110508877575.74 
54 0.6914291324346017 0.020936804485198586 0.09232941641444305 0.1953046466657567 20110508877575.742 
55 0.6742375516931017 0.021080161507752285 0.09448491925199846 0.21019736754714757 20110508877575.75 
56 0.6574849154656952 0.02109137793971946 0.09608921210923013 0.22533449448535525 20110508877575.754 
57 0.6412671740028807 0.02097644067010168 0.09713023749778923 0.24062614782922834 20110508877575.73 
58 0.6256627984397611 0.020744125134225497 0.09761009616588177 0.2559829802601316 20110508877575.75 
59 0.6107324011339215 0.020405344699800435 0.09754396609357943 0.2713182880726986 20110508877575.723 
60 0.5965192185250349 0.01997247368973568 0.09695846021604512 0.2865498475691842 20110508877575.69 
61 0.5830502797824745 0.019458698382847098 0.09588960674438503 0.3016014150902933 20110508877575.773 
62 0.5703380647679586 0.018877436484228193 0.0943806382831457 0.31640386046466773 20110508877575.715 
63 0.5583824589945029 0.018241850454322736 0.09247975858745691 0.33089593196371747 20110508877575.734 
64 0.5471728346708042 0.01756446607292522 0.09023802531946469 0.3450246739368058 20110508877575.72 
65 0.5366901185148428 0.016856896156755903 0.08770745025972518 0.3587455350686761 20110508877575.7 
66 0.5269087425069232 0.016129661087366395 0.08493938086331544 0.37202221554239484 20110508877575.76 
67 0.5177984082741319 0.015392092733615718 0.08198319305188002 0.3848263059403723 20110508877575.766 
68 0.5093256261482229 0.01465230603843728 0.07888529726129331 0.3971367705520465 20110508877575.773 
69 0.5014550144455177 0.013917222338150822 0.07568843907795753 0.40893932413837397 20110508877575.773 
70 0.4941503627356284 0.01319262970607177 0.07243126219413869 0.4202257453641611 20110508877575.773 
71 0.4873754751986639 0.012483267644028113 0.06914809403264882 0.43099316312465913 20110508877575.742 
72 0.48109481750645045 0.011792925800160699 0.0658689119816771 0.44124334471171184 20110508877575.75 
73 0.4752739940854198 0.011124548730144417 0.06261944938981186 0.45098200779462383 20110508877575.723 
74 0.46988008320102853 0.010480340835675122 0.05942140404518684 0.46021817191810954 20110508877575.75 
75 0.464881855992016 0.009861867407558376 0.05629271675296406 0.46896355984746163 20110508877575.734 
76 0.4602499031419928 0.009270149143353468 0.053247893029535046 0.47723205468511853 20110508877575.73 
77 0.4559566898801932 0.008705748619251306 0.05029834628616707 0.4850392152143885 20110508877575.777 
78 0.4519765568560197 0.008168848014645643 0.047452745821201396 0.4924018493081333 20110508877575.734 
79 0.44828568139457214 0.0076593179666317145 0.04471735728238784 0.49933764335640823 20110508877575.797 
80 0.4448620108658995 0.007176777821150683 0.04209636692155276 0.5058648443913972 20110508877575.66 
81 0.4416851774642846 0.00672064779317221 0.03959218394418143 0.5120019907983617 20110508877575.777 
82 0.438736401617752 0.0062901936883858495 0.03720571760682091 0.5177676870870414 20110508877575.77 
83 0.4359983895211843 0.005884564903929535 0.03493662751120354 0.5231804180636827 20110508877575.79 
84 0.43345522887904026 0.005502826439366134 0.03278354687106044 0.5282583978105331 20110508877575.73 
85 0.43109228581721387 0.005143985629082282 0.030744279470465142 0.5330194490832386 20110508877575.76 
86 0.4288961050362086 0.00480701426643182 0.028815971669292777 0.5374809090280669 20110508877575.76 
87 0.4268543145900194 0.004490866737416512 0.026995261210481535 0.5416595574620826 20110508877575.758 
88 0.42495553615042436 0.004194494723808873 0.025278404803018347 0.5455715643227484 20110508877575.71 
89 0.42318930122272586 0.003916858976606289 0.02366138654138641 0.5492324532592814 20110508877575.676 
90 0.4215459734895349 0.0036569386032845553 0.022140009214508878 0.5526570786926714 20110508877575.734 
91 0.420016677251378 0.003413738258148229 0.020709970484704156 0.5558596140057696 20110508877575.78 
92 0.4185932317879556 0.0031862935750655687 0.019366925802571083 0.5588535488344076 20110508877575.727 
93 0.4172680913674927 0.0029736751364477843 0.018106539784119823 0.5616516937119396 20110508877575.72 
94 0.41603429057132657 0.002774991231561296 0.016924527624384525 0.5642661905727275 20110508877575.805 
95 0.41488539456796325 0.0025893896210260514 0.01581668796618556 0.5667085278448252 20110508877575.707 
96 0.4138154539573659 0.0024160584924002677 0.014778928489838703 0.5689895590603951 20110508877575.758 
97 0.4128189638072397 0.002254226763757065 0.01380728534361134 0.571119524085392 20110508877575.74 
98 0.41189082651362846 0.0021031638677719744 0.012897937398124212 0.5731080722204753 20110508877575.734 
99 0.4110263181354094 0.00196217912770252 0.012047216182184841 0.5749642865547033 20110508877575.723 
100 0.41022105787353175 0.0018306208184010883 0.011251612243281571 0.5766967090647855 20110508877575.715 
101 0.4094709803893691 0.0017078749898315352 0.010507778573241033 0.5783133660475583 20110508877575.7 
102 0.4087723106810364 0.0015933641171502837 0.009812531647994421 0.5798217935538189 20110508877575.715 
103 0.4081215412609227 0.0014865456299831097 0.009162850549424699 0.5812290625596694 20110508877575.78 
104 0.40751541140140857 0.0013869103638274516 0.008555874566124673 0.5825418036686393 20110508877575.758 
105 0.4069508882383464 0.0012939809683066151 0.007988899607769953 0.5837662311855771 20110508877575.777 
106 0.4064251495430607 0.0012073103000957398 0.007459373713848786 0.5849081664429948 20110508877575.74 
107 0.405935567993213 0.0011264798225499766 0.006964891890858991 0.585973060293378 20110508877575.746 
108 0.40547969679091195 0.0010510980292328849 0.006503190471974292 0.5869660147078808 20110508877575.75 
109 0.40505525649275775 0.0009807989045322813 0.006072141158843774 0.5878918034438663 20110508877575.74 
110 0.40466012293133 0.0009152404312357796 0.0056697448759187655 0.5887548917615153 20110508877575.777 
111 0.4042923161209183 0.0008541031522183038 0.0052941255428635035 0.5895594551839999 20110508877575.793 
112 0.40394999005214427 0.0007970887911735215 0.004943523849618045 0.590309397307064 20110508877575.79 
113 0.40363142329071494 0.0007439189355238987 0.004616291101034991 0.5910083666727263 20110508877575.742 
114 0.40333501030495 0.0006943337832011677 0.004310883183232084 0.5916597727286168 20110508877575.72 
115 0.40305925345503907 0.0006480909538419249 0.004025854691497622 0.5922668008996214 20110508877575.703 
116 0.40280275558429174 0.0006049643640426687 0.0037598532493860735 0.5928324268022795 20110508877575.742 
117 0.4025642131591649 0.0005647431656221293 0.0035116140402398745 0.5933594296349731 20110508877575.73 
118 0.40234240991052866 0.0005272307453102834 0.0032799545654979235 0.5938504047786632 20110508877575.758 
119 0.402136210933653 0.0004922437838930236 0.0030637696385620115 0.5943077756438919 20110508877575.72 
120 0.40194455720881045 0.0004596113725628821 0.0028620266184911742 0.5947338048001355 20110508877575.727 
121 0.40176646050827675 0.000429174184038783 0.0026737608841997077 0.5951306044234848 20110508877575.69 
122 0.4016009986589161 0.00040078369590294653 0.0024980715470034956 0.5955001460981775 20110508877575.684 
123 0.4014473111325733 0.00037430146354644716 0.002334117397158026 0.5958442700067222 20110508877575.734 
124 0.40130459493910736 0.0003495984401035503 0.002181113078354568 0.5961646935424345 20110508877575.766 
125 0.40117210079927423 0.0003265543407794201 0.002038325482895152 0.5964630193770512 20110508877575.75 
126 0.40104912957673355 0.000305057049026977 0.0019050703593737962 0.5967407430148656 20110508877575.773 
127 0.40093502895029726 0.0002850020621002397 0.001780709124085958 0.5969992598635167 20110508877575.72 
128 0.4008291903091281 0.0002662919735975837 0.0016646458670149555 0.5972398718502594 20110508877575.758 
129 0.4007310458551377 0.00024883599070479683 0.0015563245430574636 0.5974637936111001 20110508877575.76 
130 0.40064006589800605 0.00023254948395060043 0.0014552263391106612 0.5976721582789327 20110508877575.74 
131 0.4005557563295783 0.00021735356739403832 0.0013608672077214047 0.5978660228953062 20110508877575.71 
132 0.4004776562652413 0.00020317470727117745 0.0012727955581640347 0.5980463734693234 20110508877575.715 
133 0.4004053358410182 0.0001899443572364682 0.0011905900960489835 0.5982141297056962 20110508877575.734 
134 0.40033839415583805 0.00017759861844029727 0.0011138578028488722 0.5983701494228728 20110508877575.72 
135 0.4002764573492488 0.00016607792278789475 0.001042232047050722 0.5985152326809127 20110508877575.715 
136 0.4002191768055877 0.00015532673782508717 0.0009753708189876837 0.5986501256375995 20110508877575.785 
137 0.4001662274762296 0.00014529329179273492 0.0009129550817641693 0.5987755241502134 20110508877575.773 
138 0.400117306312074 0.0001359293174839278 0.0008546872310553738 0.5988920771393867 20110508877575.715 
139 0.40007213079908366 0.00012718981362581225 0.0008002896569311664 0.5990003897303594 20110508877575.742 
140 0.4000304375901051 0.00011903282259117433 0.0007495034012196426 0.5991010261860842 20110508877575.734 
141 0.3999919812266155 0.00011141922332366151 0.0007020869042841638 0.5991945126457767 20110508877575.773 
142 0.3999565329446166 0.00010431253843478436 0.0006578148354370794 0.5992813396815116 20110508877575.754 
143 0.3999238795591191 9.767875450072508e-05 0.0006164770015505542 0.5993619646848295 20110508877575.723 
144 0.39989382242210786 9.14861546526112e-05 0.0005778773287501551 0.5994368140944893 20110508877575.695 
145 0.39986617644922784 8.570516261544542e-05 0.0005418329123872971 0.5995062854757693 20110508877575.72 
146 0.399840769210694 8.030819740851686e-05 0.0005081731307837466 0.5995707494611137 20110508877575.79 
147 0.3998174400822537 7.526953797401373e-05 0.00047673881852312497 0.5996305515612491 20110508877575.746 
148 0.39979603945225484 7.056519705089665e-05 0.00044738149533185377 0.5996860138553625 20110508877575.812 
149 0.39977642798124324 6.617280365813047e-05 0.0004199626468451102 0.5997374365682535 20110508877575.76 
150 0.3997584759105639 6.20714935951928e-05 0.0003943530537919189 0.5997850995420491 20110508877575.73 
151 0.3997420624168451 5.8241807408701306e-05 0.0003704321663588753 0.5998292636093873 20110508877575.746 
152 0.39972707500932975 5.46655953120725e-05 0.0003480875207034734 0.5998701718746547 20110508877575.734 
153 0.3997134089672766 5.1325928580632845e-05 0.00032721419478729533 0.5999080509093556 20110508877575.73 
154 0.3997009668147567 4.820701697765347e-05 0.00030771430088592805 0.5999431118673798 20110508877575.758 
155 0.39968965783049704 4.529413179753665e-05 0.0002894965123077859 0.5999755515253976 20110508877575.695 
156 0.39967939759033366 4.257353414102032e-05 0.00027247562201803023 0.6000055532535072 20110508877575.703 
157 0.3996701075402631 4.003240806392129e-05 0.0002565721310176013 0.6000332879206554 20110508877575.754 
158 0.399661714597998 3.7658798265715625e-05 0.00024171186447099073 0.6000589147392653 20110508877575.734 
159 0.39965415078117983 3.544155200734289e-05 0.00022782561371096794 0.6000825820531019 20110508877575.76 
160 0.39964735286049013 3.337026496905445e-05 0.00021484880237407513 0.6001044280721667 20110508877575.73 
161 0.3996412620360026 3.143523077911592e-05 0.0002027211750381422 0.60012458155818 20110508877575.727 
162 0.3996358236352751 2.962739396272278e-05 0.00019138650684273357 0.6001431624639193 20110508877575.77 
163 0.3996309868316977 2.7938306077781656e-05 0.0001807923326758271 0.6001602825295488 20110508877575.816 
164 0.39962670438179543 2.6360084820267084e-05 0.00017088969460557138 0.6001760458387787 20110508877575.742 
165 0.3996229323801827 2.4885375896831653e-05 0.0001616329063251946 0.6001905493375952 20110508877575.746 
166 0.3996196300310672 2.3507317476244784e-05 0.00015297933346230202 0.6002038833179942 20110508877575.723 
167 0.3996167594351253 2.22195070441861e-05 0.00014488918868146497 0.600216131869149 20110508877575.73 
168 0.3996142853907806 2.10159704979657e-05 0.00013732534058139977 0.60022737329814 20110508877575.83 
169 0.399612175208913 1.98911333289427e-05 0.0001302531354555507 0.6002376805223023 20110508877575.742 
170 0.3996103985400793 1.883979375085084e-05 0.00012364023104785853 0.6002471214351219 20110508877575.754 
171 0.3996089272134448 1.785709764194697e-05 0.00011745644149428116 0.600255759247419 20110508877575.742 
172 0.3996077350866251 1.693851517792549e-05 0.0001116735926952791 0.6002636528055018 20110508877575.742 
173 0.3996067979057155 1.6079819040960657e-05 0.00010626538741561607 0.6002708568878279 20110508877575.74 
174 0.3996060931747959 1.5277064098065166e-05 0.00010120727945538636 0.6002774224816508 20110508877575.8 
175 0.3996056000343544 1.4526568449239326e-05 9.647635628053894e-05 0.6002833970409157 20110508877575.703 
176 0.39960529914791815 1.3824895752674786e-05 9.205122954255822e-05 0.6002888247267866 20110508877575.715 
177 0.39960517259645034 1.3168838740596461e-05 8.791193295552016e-05 0.6002937466318536 20110508877575.773 
178 0.3996052037799137 1.2555403845207513e-05 8.403982703467956e-05 0.6002982009892065 20110508877575.734 
179 0.39960537732556517 1.1981796859684148e-05 8.041751023426796e-05 0.6003022233673408 20110508877575.73 
180 0.39960567900249716 1.144540956427272e-05 7.70287360534521e-05 0.600305846851885 20110508877575.734 
181 0.3996060956420246 1.0943807252291726e-05 7.385833570846863e-05 0.6003091022150147 20110508877575.73 
182 0.39960661506353 1.047471709527261e-05 7.089214599618214e-05 0.6003120180733784 20110508877575.703 
183 0.39960722600536475 1.0036017290596187e-05 6.811694199955366e-05 0.600314621035345 20110508877575.766 
184 0.39960791806049456 9.625726938826625e-06 6.552037430917652e-05 0.6003169358382575 20110508877575.742 
185 0.39960868161656693 9.241996601521918e-06 6.309091045697004e-05 0.6003189854763745 20110508877575.742 
186 0.39960950780009513 8.883099493640815e-06 6.0817780278703775e-05 0.6003207913201326 20110508877575.727 
187 0.39961038842445923 8.547423267767073e-06 5.8690924941075597e-05 0.600322373227332 20110508877575.82 
188 0.39961131594151367 8.233462350277237e-06 5.6700949386971324e-05 0.600323749646749 20110508877575.8 
189 0.3996122833965182 7.939810792268353e-06 5.4839077969089594e-05 0.6003249377147204 20110508877575.766 
190 0.3996132843861626 7.665155600583774e-06 5.3097113057657484e-05 0.600325953345179 20110508877575.816 
191 0.39961431301951145 7.408270516616555e-06 5.146739642239841e-05 0.6003268113135496 20110508877575.793 
192 0.39961536388164604 7.168010212754973e-06 4.994277320238172e-05 0.6003275253349388 20110508877575.73 
193 0.3996164319998032 6.943304878371072e-06 4.851655828995587e-05 0.6003281081370286 20110508877575.707 
194 0.39961751281189 6.733155169151882e-06 4.7182504966666866e-05 0.6003285715279741 20110508877575.727 
195 0.3996186021371513 6.536627495340767e-06 4.593477564000147e-05 0.6003289264597134 20110508877575.73 
196 0.3996196961488988 6.352849626107239e-06 4.476791453996123e-05 0.6003291830869352 20110508877575.73 
197 0.39962079134912315 6.181006588798517e-06 4.3676822243981324e-05 0.6003293508220441 20110508877575.742 
198 0.399621884544886 6.020336843261785e-06 4.265673190755177e-05 0.6003294383863632 20110508877575.746 
199 0.39962297282633824 5.870128712760167e-06 4.170318708616385e-05 0.6003294538578628 20110508877575.723 
200 0.3996240535462938 5.729717054250965e-06 4.081202104189651e-05 0.6003294047156101 20110508877575.684 
