0 0.9999873705091066 1.2629490893285408e-05 0.0 0.0 20110470029379.74 
1 0.9999924802760333 3.007889586620733e-06 3.895108817206705e-06 6.16725562724395e-07 20110508877575.742 
2 0.9999944792640766 1.160527481406008e-06 3.454532746870878e-06 9.056756950339217e-07 20110508877575.74 
3 0.9999954359765272 7.512140597701953e-07 2.809043827165788e-06 1.0037655858708208e-06 20110508877575.742 
4 0.9999960713424088 5.977973028957284e-07 2.320933319444553e-06 1.0099269689075709e-06 20110508877575.71 
5 0.9999965716542139 5.039061659553313e-07 1.9549449678748e-06 9.694946525004466e-07 20110508877575.664 
6 0.9999969965691129 4.318147358479746e-07 1.6666893727250924e-06 9.04926778594761e-07 20110508877575.7 
7 0.9999973681442573 3.7219727531269034e-07 1.430621508535207e-06 8.290369588583157e-07 20110508877575.793 
8 0.9999976958107035 3.2168588803303146e-07 1.23278808794193e-06 7.497153204862695e-07 20110508877575.758 
9 0.9999979846987077 2.785042395746896e-07 1.0649586865589746e-06 6.71838366241734e-07 20110508877575.746 
10 0.9999982385548686 2.4145510992989075e-07 9.217068052941695e-07 5.982832162059518e-07 20110508877575.77 
11 0.9999984607014768 2.096255069890676e-07 7.990829061508204e-07 5.305901100470565e-07 20110508877575.75 
12 0.9999986542858383 1.8227745992158078e-07 6.94009442080378e-07 4.694272595440069e-07 20110508877575.73 
13 0.9999988222955968 1.5879786034211757e-07 6.039898923538394e-07 4.149166505095732e-07 20110508877575.723 
14 0.9999989675169707 1.3867080359056938e-07 5.269551937442189e-07 3.6685703191876586e-07 20110508877575.723 
15 0.9999990924950646 1.2145989641721142e-07 4.6117270619313083e-07 3.2487233267985147e-07 20110508877575.797 
16 0.9999991995108328 1.0679564600172042e-07 4.0518580964427923e-07 2.8850771139631114e-07 20110508877575.79 
17 0.9999992905740548 9.436583193534736e-08 3.577701806269808e-07 2.572899327563788e-07 20110508877575.727 
18 0.9999993674276978 8.390787290622857e-08 3.179003422249663e-07 2.3076408699636756e-07 20110508877575.78 
19 0.9999994315589905 7.520267272854838e-08 2.847233166956665e-07 2.0851502024282728e-07 20110508877575.707 
20 0.9999994842135357 6.806964637530728e-08 2.575376530928711e-07 1.9017916473501904e-07 20110508877575.73 
21 0.9999995264099045 6.236273470965508e-08 2.3577678978260832e-07 1.754505710749573e-07 20110508877575.812 
22 0.999999558952996 5.796727734658934e-08 2.1899607292945874e-07 1.6408365376081049e-07 20110508877575.695 
23 0.999999582445084 5.47976520322029e-08 2.068629665765352e-07 1.5589429736079588e-07 20110508877575.777 
24 0.9999995972938444 5.2795617228919944e-08 1.991501347939109e-07 1.5076040353319288e-07 20110508877575.7 
25 0.9999996037169024 5.192931736645785e-08 1.9573118582944312e-07 1.4862259431298114e-07 20110508877575.8 
26 0.9999996017425524 5.219293002850376e-08 1.9657895863417323e-07 1.4948555881387463e-07 20110508877575.7 
27 0.9999995912063412 5.360695264799131e-08 2.0176631222195292e-07 1.5342039393631838e-07 20110508877575.77 
28 0.9999995717431878 5.621914403301392e-08 2.114694533235032e-07 1.60568214932886e-07 20110508877575.703 
29 0.9999995427746553 6.010615396549922e-08 2.2597391141222124e-07 1.7114527916510072e-07 20110508877575.734 
30 0.9999995034908983 6.537589282888132e-08 2.4568334539004567e-07 1.8544986351237472e-07 20110508877575.77 
31 0.9999994528266861 7.217071331499915e-08 2.7113144568071365e-07 2.0387115484398383e-07 20110508877575.742 
32 0.9999993894307707 8.067149832076428e-08 3.0299728173826067e-07 2.2690044914885142e-07 20110508877575.754 
33 0.9999993116276797 9.110277378289134e-08 3.4212454063127534e-07 2.5514500596125067e-07 20110508877575.72 
34 0.999999217370827 1.0373899306794914e-07 3.8954521013558227e-07 2.8934496980233835e-07 20110508877575.79 
35 0.9999991041855962 1.1891217134524189e-07 4.465083826032409e-07 3.3039384978573267e-07 20110508877575.707 
36 0.9999989691007747 1.3702108489745773e-07 5.145149969972938e-07 3.793631434807566e-07 20110508877575.78 
37 0.9999988085664047 1.5854229241609807e-07 5.953594994458705e-07 4.375318034660964e-07 20110508877575.727 
38 0.9999986183557474 1.840432839031353e-07 6.911795913995301e-07 5.064213772284489e-07 20110508877575.727 
39 0.9999983934486217 2.1419811883591384e-07 8.045154532790015e-07 5.878378062247337e-07 20110508877575.72 
40 0.9999981278928837 2.498059797640789e-07 9.38380085042626e-07 6.839210516318957e-07 20110508877575.676 
41 0.9999978146402335 2.918131415043943e-07 1.096342698339784e-06 7.972039266820612e-07 20110508877575.715 
42 0.9999974453518635 3.413389405100966e-07 1.2826274329429438e-06 9.306817631413707e-07 20110508877575.71 
43 0.99999701016869 3.9970642454796607e-07 1.5022300579324093e-06 1.0878948274897923e-06 20110508877575.7 
44 0.999996497440034 4.684784698772298e-07 1.7610557600543384e-06 1.273025736062132e-06 20110508877575.766 
45 0.9999958934036044 5.495002714097282e-07 2.0660816209567058e-06 1.4910145032885943e-06 20110508877575.695 
46 0.9999951818085195 6.449492395376561e-07 2.425547942553667e-06 1.747694298457419e-06 20110508877575.695 
47 0.9999943434718461 7.573934725662259e-07 2.849183192748551e-06 2.0499514885624668e-06 20110508877575.7 
48 0.9999933557577751 8.898601107535111e-07 3.3484680034192515e-06 2.4059141106322625e-06 20110508877575.67 
49 0.9999921919671041 1.0459150081758771e-06 3.93694434120918e-06 2.825173546456989e-06 20110508877575.72 
50 0.9999908206232121 1.2297552684349129e-06 4.6305766582732215e-06 3.3190448612039476e-06 20110508877575.848 
51 0.9999892046392731 1.4463162591448452e-06 5.448172464541993e-06 3.9008720032337036e-06 20110508877575.72 
52 0.9999873003501907 1.7013947182497263e-06 6.411870268045903e-06 4.586384822972491e-06 20110508877575.793 
53 0.9999850563918438 2.0017894497833024e-06 7.547703090605744e-06 5.3941156158580335e-06 20110508877575.668 
54 0.999982412409997 2.355460818077879e-06 8.886245616997758e-06 6.345883567933758e-06 20110508877575.734 
55 0.9999792975820587 2.7717097063751385e-06 1.0463352243210902e-05 7.467355991760534e-06 20110508877575.777 
56 0.9999756289373142 3.2613757001995184e-06 1.2320991533003424e-05 8.78869545255531e-06 20110508877575.645 
57 0.9999713094660969 3.8370528481051305e-06 1.4508179442277449e-05 1.0345301612692616e-05 20110508877575.727 
58 0.9999662260165526 4.513319268573904e-06 1.7082008569122296e-05 1.2178655609640252e-05 20110508877575.746 
59 0.9999602469904777 5.306973905631755e-06 2.0108762932020553e-05 1.4337272684536674e-05 20110508877575.734 
60 0.9999532198686603 6.237269659717727e-06 2.366509652812708e-05 1.6877765151929258e-05 20110508877575.84 
61 0.9999449686229588 7.326126713373505e-06 2.7839238233810984e-05 1.9866012093980852e-05 20110508877575.754 
62 0.9999352911087713 8.598302972533409e-06 3.27321645320921e-05 2.3378423723900787e-05 20110508877575.7 
63 0.9999239565790434 1.0081490146331346e-05 3.8458654328291314e-05 2.750327648194485e-05 20110508877575.78 
64 0.9999107035201746 1.1806294385620397e-05 4.5148106520515934e-05 3.23420789191869e-05 20110508877575.754 
65 0.9998952380799242 1.3806050402984745e-05 5.2944961874186095e-05 3.801090779861824e-05 20110508877575.723 
66 0.9998772334333933 1.611640921247398e-05 6.200852881768469e-05 4.464162857653998e-05 20110508877575.76 
67 0.9998563305062196 1.8774634780624735e-05 7.251197362435864e-05 5.238288537545339e-05 20110508877575.723 
68 0.9998321405281712 2.1818548090194653e-05 8.464020872063477e-05 6.140071501797511e-05 20110508877575.73 
69 0.999804249900704 2.5285073961988914e-05 9.858641326652763e-05 7.18786120673502e-05 20110508877575.734 
70 0.9997722277949003 2.920838307399051e-05 0.00011454696772881915 8.401685429689663e-05 20110508877575.746 
71 0.9997356367108315 3.361768534080384e-05 0.00013271470288419123 9.803090094343121e-05 20110508877575.656 
72 0.9996940458852278 3.853482482667746e-05 0.00015327057722115832 0.00011414871272432986 20110508877575.72 
73 0.9996470469044932 4.39719477799962e-05 0.00017637422023467902 0.00013260692749201693 20110508877575.68 
74 0.9995942701717455 4.992965015650526e-05 0.000202154206958544 0.0001536459711393943 20110508877575.73 
75 0.9995354000546984 5.63961301088328e-05 0.00023069942004537967 0.00017750439514747316 20110508877575.695 
76 0.9994701857481066 6.334793006471787e-05 0.0002620533209209133 0.00020441300090757734 20110508877575.734 
77 0.9993984443409643 7.07527992519125e-05 0.0002962132531011557 0.00023458960668273175 20110508877575.785 
78 0.9993200525537516 7.85749947271231e-05 0.0003331368699654516 0.00026823558155588604 20110508877575.74 
79 0.9992349243541528 8.678295000565423e-05 0.00037275725900849264 0.0003055354368331589 20110508877575.754 
80 0.999142973307275 9.53587079328143e-05 0.0004150072392400677 0.0003466607455520198 20110508877575.734 
81 0.9990440610083821 0.00010430792787324965 0.0004598516804711092 0.00039177938327359757 20110508877575.75 
82 0.9989379359953465 0.00011366876591058822 0.000507324727651328 0.00044107051109154013 20110508877575.617 
83 0.998824170679989 0.000123517621471224 0.0005575668294192321 0.0004947448691205379 20110508877575.855 
84 0.9987021065382202 0.0001339697367747692 0.0006108548388758036 0.0005530688861291643 20110508877575.727 
85 0.9985708195497316 0.00014517296600730157 0.0006676175260031338 0.000616389958258039 20110508877575.68 
86 0.998429118196479 0.0001572937137421605 0.0007284289227417663 0.0006851591670371097 20110508877575.74 
87 0.998275584653557 0.00017049511928092642 0.0007939733316952783 0.0007599468954666726 20110508877575.836 
88 0.9981086653981656 0.00018490912328094036 0.0008649789627065249 0.0008414465158468011 20110508877575.78 
89 0.9979268095565738 0.00020060613988323389 0.0009421224268639663 0.0009304618766791277 20110508877575.684 
90 0.9977286417291871 0.0002175684505838936 0.0010259137927922032 0.0010278760274368972 20110508877575.773 
91 0.9975131422312299 0.0002356753893940733 0.0011165807130898962 0.0011346016662859915 20110508877575.734 
92 0.9972797956195921 0.0002547085857737128 0.0012139778231143828 0.0012515179715197697 20110508877575.758 
93 0.9970286641699587 0.0002743825514259311 0.001317550305641293 0.0013794029729739784 20110508877575.746 
94 0.9967603524679421 0.0002943992471094642 0.0014263742608466256 0.0015188740241018274 20110508877575.63 
95 0.9964758539343552 0.00031451648008439523 0.0015392799377938076 0.001670349647766676 20110508877575.727 
96 0.9961763036211876 0.00033461277767457 0.0016550405603458253 0.0018340430407919675 20110508877575.76 
97 0.995862690732467 0.0003547300749517636 0.0017725880018184972 0.0020099911907626345 20110508877575.81 
98 0.9955355951191639 0.00037508221356357465 0.0018912068722765042 0.002198115794995989 20110508877575.746 
99 0.9951949984797236 0.00039602959599018033 0.002010666201912572 0.002398305722373631 20110508877575.824 
100 0.9948401895885567 0.00041803251796147686 0.0021312700108339377 0.0026105078826479007 20110508877575.785 
101 0.994469748712159 0.000441601837134803 0.002253834721329758 0.0028348147293764097 20110508877575.824 
102 0.9940815740852845 0.0004672635009245399 0.0023796213094475207 0.0030715411043433748 20110508877575.688 
103 0.9936729092780434 0.0004955453906786187 0.002510256730993685 0.0033212886002842697 20110508877575.75 
104 0.9932403412147961 0.0005269857081264685 0.0026476730186091807 0.003585000058468253 20110508877575.74 
105 0.9927797558275003 0.0005621558209682559 0.0027940792138672708 0.00386400913766422 20110508877575.68 
106 0.9922862534249702 0.0006016886766416348 0.0029519678056007894 0.0041600900927872796 20110508877575.715 
107 0.9917540342440667 0.0006463057428089536 0.0031241482907190133 0.004475511722405431 20110508877575.754 
108 0.9911762660447823 0.0006968389114839916 0.003313797226056353 0.004813097817677487 20110508877575.734 
109 0.9905449424923461 0.0007542470074636482 0.003524515421269905 0.00517629507892041 20110508877575.74 
110 0.9898507365529081 0.0008196284339277914 0.00376038634064877 0.005569248672515363 20110508877575.812 
111 0.9890828494484033 0.000894231977462241 0.004026033220523883 0.005996885353610576 20110508877575.754 
112 0.9882288537005824 0.0009794673799647612 0.004326674739936222 0.006465004179516565 20110508877575.742 
113 0.9872745282006102 0.0010769165812176493 0.00466818014737202 0.006980375070799979 20110508877575.703 
114 0.9862036834501042 0.001188345939274693 0.0050571249147318914 0.007550845695889167 20110508877575.79 
115 0.9849979757106517 0.001315719331620019 0.005500847672301435 0.008185457285426889 20110508877575.758 
116 0.9836367097482367 0.0014612117087439728 0.006007508561732354 0.008894569981287119 20110508877575.742 
117 0.9820966314145003 0.0016272222577170391 0.006586148185202573 0.009689998142580042 20110508877575.734 
118 0.9803517137397755 0.0018163857611437303 0.0072467449008998775 0.010585155598180912 20110508877575.742 
119 0.9783729436328527 0.0020315800356588134 0.00800026625619703 0.011595210075291334 20110508877575.742 
120 0.9761281205887881 0.002275926595704672 0.008858707932970824 0.012737244882536499 20110508877575.773 
121 0.9735816837538753 0.002552781006994041 0.009835110888731327 0.014030424350399409 20110508877575.71 
122 0.97069458900808 0.002865708825368553 0.01094354463483503 0.015496157531716513 20110508877575.73 
123 0.9674242631663846 0.0032184425734714498 0.012199041991970585 0.017158252268173427 20110508877575.766 
124 0.9637246677747339 0.0036148148916796924 0.01361746835160255 0.019043048981983824 20110508877575.816 
125 0.9595465100215614 0.0040586628517159384 0.01521530660441677 0.02117952052230588 20110508877575.66 
126 0.9548376425263919 0.0045536985606783415 0.017009337724907352 0.02359932118802234 20110508877575.74 
127 0.9495436963855554 0.005103341818216829 0.01901619696051357 0.02633676483571411 20110508877575.727 
128 0.943608991641824 0.005710511994069162 0.021251787320661658 0.029428709043445363 20110508877575.688 
129 0.9369777647448513 0.006377378758706341 0.023730536441829847 0.03291432005461263 20110508877575.664 
130 0.9295957418341362 0.007105075073008323 0.02646449085172782 0.03683469224112768 20110508877575.734 
131 0.9214120681265526 0.007893381048803532 0.029462254013870974 0.0412322968107728 20110508877575.746 
132 0.9123815761100542 0.008740393840299905 0.032727791814046295 0.04615023823559962 20110508877575.76 
133 0.9024673384084866 0.009642206202656586 0.03625915121230813 0.051631304176548744 20110508877575.77 
134 0.8916434064747153 0.010592623920068966 0.04004716347924298 0.05771680612597286 20110508877575.74 
135 0.8798975872674708 0.011582958653422522 0.04407423028478405 0.06444522379432263 20110508877575.734 
136 0.8672340628639085 0.012601936176979783 0.048313314953004366 0.07185068600610733 20110508877575.793 
137 0.8536756209464857 0.013635758594245984 0.05272727718717424 0.07996134327209406 20110508877575.69 
138 0.8392652469657592 0.014668351347459137 0.05726869164398045 0.08879771004280132 20110508877575.742 
139 0.8240668406243606 0.015681810912548957 0.06188027363602859 0.09837107482706194 20110508877575.71 
140 0.8081648661521926 0.016657047668029296 0.06649599591919295 0.10868209026058502 20110508877575.742 
141 0.791662827980865 0.017574592966270893 0.07104291974762177 0.11971965930524243 20110508877575.668 
142 0.7746805738266597 0.01841551398279956 0.07544368678780544 0.13146022540273516 20110508877575.75 
143 0.7573505514448688 0.019162359473615477 0.07961953646455677 0.1438675526169588 20110508877575.81 
144 0.7398132638846038 0.019800048865561522 0.08349363944062432 0.1568930478092104 20110508877575.727 
145 0.7222122604340245 0.020316619238503097 0.0869944861010962 0.1704766342263761 20110508877575.734 
146 0.7046890500681132 0.020703760139458006 0.09005904990430753 0.1845481398881211 20110508877575.734 
147 0.6873783227418 0.02095709221305761 0.09263546402065849 0.19902912102448386 20110508877575.746 
148 0.6704038131455091 0.021076177375924897 0.09468500312466306 0.21383500635390273 20110508877575.73 
149 0.65387505275628 0.021064279701288848 0.09618324104484113 0.22887742649759 20110508877575.69 
150 0.6378851464700381 0.020927921855435967 0.09712034535716714 0.24406658631735875 20110508877575.734 
151 0.6225095986900964 0.020676298204725566 0.09750055712081332 0.2593135459843648 20110508877575.668 
152 0.6078061167469637 0.020320611378408553 0.09734097531298905 0.2745322965616387 20110508877575.77 
153 0.5938152477511774 0.01987339517940994 0.09666981320021613 0.28964154386919655 20110508877575.703 
154 0.5805616628403658 0.019347875883118742 0.09552431529907929 0.3045661459774362 20110508877575.74 
155 0.5680558889790611 0.018757409374436793 0.09394852088630005 0.319238180760202 20110508877575.75 
156 0.5562962977509157 0.018115016261987964 0.09199103863080971 0.33359764735628644 20110508877575.7 
157 0.545271185777685 0.017433023353415494 0.08970296373585417 0.3475928271330455 20110508877575.72 
158 0.534960815202418 0.016722809018334346 0.08713603079885544 0.36118034498039214 20110508877575.746 
159 0.5253393188602629 0.015994642478396832 0.08434105804353607 0.37432498061780406 20110508877575.734 
160 0.5163764087802536 0.015257602771375684 0.08136670557190531 0.3869992828764654 20110508877575.73 
161 0.5080388557352584 0.014519561478079127 0.07825854398911827 0.3991830387975442 20110508877575.777 
162 0.5002917304352784 0.013787213565993462 0.07505841084880024 0.4108626451499279 20110508877575.75 
163 0.4930994135322357 0.013066142195978712 0.0718040204497088 0.42203042382207684 20110508877575.74 
164 0.48642639249194963 0.012360905473495542 0.0685287865373311 0.43268391549722374 20110508877575.758 
165 0.4802378695831879 0.01167513546739081 0.06526181609327425 0.442825178856147 20110508877575.742 
166 0.47450020783725383 0.011011642077246269 0.06202803428046473 0.45246011580503503 20110508877575.777 
167 0.4691812418856704 0.010372516337674253 0.058848404550194744 0.4615978372264606 20110508877575.727 
168 0.46425047897783067 0.00975922942977421 0.055740212932784444 0.47025007865961055 20110508877575.727 
169 0.4596792129172533 0.009172725013278827 0.05271739089945482 0.4784306711700131 20110508877575.734 
170 0.45544057065346594 0.008613503521820585 0.049790856400196565 0.4861550694245168 20110508877575.72 
171 0.4515095081845098 0.008081697820926076 0.04696885744322828 0.49343993655133583 20110508877575.74 
172 0.4478627694903249 0.007577140162646142 0.04425730672537466 0.5003027836216543 20110508877575.773 
173 0.4444788195605318 0.007099420729644631 0.04166009929383058 0.5067616604159929 20110508877575.723 
174 0.44133776026095206 0.0066479382872726865 0.03917940803219248 0.5128348934195828 20110508877575.668 
175 0.43842123581584963 0.006221943589927344 0.03681595397277388 0.518540866621449 20110508877575.773 
176 0.4357123330517399 0.005820576246080637 0.034569250119425424 0.5238978405827539 20110508877575.72 
177 0.43319548022261645 0.0054428957566111675 0.032437818703749594 0.5289238053170229 20110508877575.727 
178 0.43085634717695165 0.0050879074198862265 0.030419382674121996 0.5336363627290401 20110508877575.754 
179 0.4286817487936806 0.004754583756405659 0.028511032805585753 0.538052634644328 20110508877575.766 
180 0.42665955296939384 0.00444188205429822 0.026709372184283136 0.5421891927920248 20110508877575.754 
181 0.4247785939473683 0.004148758580473378 0.025010640017131748 0.5460620074550265 20110508877575.74 
182 0.4230285914108267 0.0038741799447689178 0.02341081679053857 0.5496864118538658 20110508877575.758 
183 0.4214000754922407 0.0036171320485732616 0.021905712786718132 0.553077079672468 20110508877575.734 
184 0.41988431765647555 0.003376626996713515 0.020491041890547106 0.5562480134562638 20110508877575.74 
185 0.4184732672806889 0.0031517083027573717 0.01916248250514024 0.5592125419114136 20110508877575.73 
186 0.417159493664236 0.0029414546736799283 0.01791572725656808 0.5619833244055161 20110508877575.746 
187 0.4159361331462016 0.0027449826201681286 0.01674652301907006 0.56457236121456 20110508877575.727 
188 0.4147968409779527 0.0025614481035663994 0.01565070264021139 0.5669910082782694 20110508877575.73 
189 0.413735747586374 0.002390047399353244 0.014624209596493241 0.5692499954177794 20110508877575.727 
190 0.4127474188649235 0.00223001732977801 0.0136631166678615 0.571359447137437 20110508877575.754 
191 0.41182682014019695 0.002080634994535786 0.012763639586760377 0.5733289052785069 20110508877575.75 
192 0.4109692834786159 0.0019412171077692183 0.011922146495188484 0.5751673529184262 20110508877575.754 
193 0.41017047801811546 0.001811119031919984 0.0111351639322066 0.576883239017758 20110508877575.766 
194 0.40942638303256584 0.0016897335836898897 0.010399379974526115 0.5784845034092182 20110508877575.69 
195 0.4087332634598828 0.0015764896743113964 0.009711645063845979 0.5799786018019597 20110508877575.742 
196 0.4080876476482112 0.0014708508351986241 0.009068970975913025 0.5813725305406771 20110508877575.773 
197 0.4074863070972651 0.0013723136706050051 0.008468528317128658 0.5826728509150012 20110508877575.73 
198 0.40692623799338734 0.0012804062709292092 0.007907642874132223 0.5838857128615511 20110508877575.72 
199 0.40640464435718826 0.0011946866135916433 0.00738379108931859 0.5850168779399014 20110508877575.78 
200 0.4059189226412621 0.0011147409727715189 0.006894594889894178 0.5860717414960722 20110508877575.723 
