0 0.9999873705091066 1.2629490893285408e-05 0.0 0.0 20110500240339.74 
1 0.9999929205913118 2.831763475308862e-06 3.6670318385294624e-06 5.806133744338316e-07 20110508877575.74 
2 0.999995466420205 9.488075728638848e-07 2.839325819212588e-06 7.454464029646376e-07 20110508877575.73 
3 0.9999968783316213 5.095480161797099e-07 1.9221492667186223e-06 6.899710958814638e-07 20110508877575.75 
4 0.9999977915919112 3.3419400161238604e-07 1.3024904581512203e-06 5.717236292440246e-07 20110508877575.75 
5 0.999998396088429 2.3584827554192353e-07 9.098044779766473e-07 4.582588175651749e-07 20110508877575.785 
6 0.9999987903384076 1.7491268533959962e-07 6.63747002326788e-07 3.710019049515417e-07 20110508877575.67 
7 0.9999990387104138 1.3701879485385226e-07 5.115372870377233e-07 3.127335042374791e-07 20110508877575.74 
8 0.9999991849008478 1.1441707368846872e-07 4.206005753938768e-07 2.8008150318297765e-07 20110508877575.688 
9 0.9999992582966082 1.0232248738304826e-07 3.708385733209857e-07 2.68542331250234e-07 20110508877575.715 
10 0.9999992782686581 9.77018860383877e-08 3.497847080876367e-07 2.7424474792183624e-07 20110508877575.734 
11 0.9999992572254535 9.864749271328071e-08 3.4972862193538465e-07 2.943984318192309e-07 20110508877575.715 
12 0.9999992027476989 1.039940611675969e-07 3.6599360825746013e-07 3.272646315334865e-07 20110508877575.688 
13 0.999999119046389 1.1307534643988835e-07 3.958868436447535e-07 3.719914208875935e-07 20110508877575.812 
14 0.9999990079369281 1.2556845124771386e-07 4.380515813998574e-07 4.2844303933273244e-07 20110508877575.836 
15 0.9999988694745333 1.4139507389058633e-07 4.920657907004185e-07 4.970646019733706e-07 20110508877575.746 
16 0.9999987023551926 1.6066001720334952e-07 5.581955195271444e-07 5.787892707609704e-07 20110508877575.75 
17 0.9999985041545819 1.8361437280797651e-07 6.372476119638698e-07 6.749834333898378e-07 20110508877575.73 
18 0.9999982714539777 2.106353168681159e-07 7.304877994228435e-07 7.874229061101136e-07 20110508877575.773 
19 0.9999979998856047 2.422173790866062e-07 8.396031342608441e-07 9.182938820398584e-07 20110508877575.715 
20 0.999997684118336 2.789719516068157e-07 9.666957681510705e-07 1.0702139442759878e-06 20110508877575.727 
21 0.9999973177966897 3.2163305518609e-07 1.114300173472514e-06 1.2462700817105453e-06 20110508877575.746 
22 0.9999968934405545 3.7106821185991353e-07 1.2854192120310813e-06 1.4500720215682394e-06 20110508877575.69 
23 0.999996402309205 4.282938382402163e-07 1.4835766590737632e-06 1.6858202977305298e-06 20110508877575.793 
24 0.9999958342303576 4.944949702039777e-07 1.7128853143388198e-06 1.958389357824644e-06 20110508877575.758 
25 0.9999951773928942 5.710494225545411e-07 1.978130941761844e-06 2.273426741473279e-06 20110508877575.715 
26 0.9999944181001352 6.595567190583163e-07 2.2848731469595474e-06 2.6374699987495445e-06 20110508877575.773 
27 0.999993540479018 7.61872328062405e-07 2.6395650406748908e-06 3.058083613251555e-06 20110508877575.73 
28 0.9999925261390566 8.801479270462276e-07 3.0496942258209675e-06 3.544018790281537e-06 20110508877575.785 
29 0.9999913537734431 1.01687861106968e-06 3.523948343455229e-06 4.105399602425007e-06 20110508877575.742 
30 0.9999899986929845 1.174958167283787e-06 4.07240916493979e-06 4.753939683278261e-06 20110508877575.73 
31 0.9999884322817103 1.3577437711610294e-06 4.706780063981307e-06 5.503194454477095e-06 20110508877575.754 
32 0.9999866213607961 1.5691317302485983e-06 5.440652682112435e-06 6.368854791435276e-06 20110508877575.758 
33 0.999984527444914 1.8136462189413857e-06 6.289819755362691e-06 7.3690891117506926e-06 20110508877575.805 
34 0.999982105872087 2.0965433251297965e-06 7.272642443988291e-06 8.524942143875453e-06 20110508877575.664 
35 0.99997930478452 2.4239331805828517e-06 8.410482154069504e-06 9.860800145306726e-06 20110508877575.652 
36 0.9999760639335495 2.8029234880240116e-06 9.7282088222169e-06 1.140493414026553e-05 20110508877575.746 
37 0.9999723132766661 3.241788408552763e-06 1.1254800027584691e-05 1.3190134897757192e-05 20110508877575.73 
38 0.9999679713283088 3.7501675565062302e-06 1.3024048189038598e-05 1.5254455945804497e-05 20110508877575.69 
39 0.9999629432185944 4.339300792329609e-06 1.5075396607748185e-05 1.764208400548848e-05 20110508877575.656 
40 0.9999571184050691 5.0223056392929285e-06 1.745492935535693e-05 2.0404359936451812e-05 20110508877575.65 
41 0.9999503679716077 5.814505513134843e-06 2.021654513661383e-05 2.360097774244153e-05 20110508877575.797 
42 0.999942541435423 6.733818584734695e-06 2.3423351447680287e-05 2.7301394544699962e-05 20110508877575.734 
43 0.9999334629672875 7.801219036004365e-06 2.714932280307145e-05 3.158649087353004e-05 20110508877575.734 
44 0.9999229269111546 9.041284756674517e-06 3.148127572458202e-05 3.6550528364123904e-05 20110508877575.71 
45 0.9999106924668194 1.0482848191481923e-05 3.652122377974281e-05 4.230346120954483e-05 20110508877575.73 
46 0.9998964773727423 1.215977008425057e-05 4.238918839283474e-05 4.897366878063656e-05 20110508877575.785 
47 0.9998799503953416 1.4111859227057912e-05 4.9226555497160416e-05 5.67111899341071e-05 20110508877575.69 
48 0.9998607223959802 1.638596486632334e-05 5.72000842194218e-05 6.569155493407178e-05 20110508877575.746 
49 0.9998383357082172 1.9037271842838026e-05 6.650669117747728e-05 7.612032876260284e-05 20110508877575.75 
50 0.9998122515173743 2.213083129070074e-05 7.737915147429837e-05 8.823849986064301e-05 20110508877575.656 
51 0.9997818348956785 2.574336082409245e-05 9.009287285379347e-05 0.00010232887064339957 20110508877575.7 
52 0.9997463371156814 2.9965346014093193e-05 0.00010497390881589949 0.00011872362948857418 20110508877575.785 
53 0.9997048748533264 3.490346711378506e-05 0.00012240837324304656 0.00013781330631671446 20110508877575.75 
54 0.9996564059174902 4.068335771423892e-05 0.0001428533929760242 0.00016005733181959458 20110508877575.72 
55 0.9995997012316031 4.745267006871655e-05 0.0001668496703686105 0.00018599642795957193 20110508877575.68 
56 0.9995333129828528 5.538436838757889e-05 0.00019503560336069206 0.0002162670453990272 20110508877575.785 
57 0.9994555391950435 6.468008868553076e-05 0.0002281626976403743 0.00025161801863067985 20110508877575.766 
58 0.9993643855299809 7.557328501666178e-05 0.0002671116714152054 0.00029292951358717543 20110508877575.793 
59 0.9992575259313781 8.833172609657721e-05 0.0003129081693585564 0.0003412341731668316 20110508877575.707 
60 0.9991322648118018 0.00010325872650826747 0.0003667363610891568 0.000397740100600749 20110508877575.754 
61 0.9989855047761947 0.00012069233315891783 0.0004299479467627686 0.0004638549438835868 20110508877575.71 
62 0.9988137251402618 0.00014100162258598036 0.0005040633724129233 0.0005412098647393129 20110508877575.824 
63 0.998612977261398 0.00016457942987725595 0.0005907616620307618 0.0006316816466940404 20110508877575.793 
64 0.9983789022100216 0.00019183138871481617 0.0006918556580432467 0.0007374107432204396 20110508877575.785 
65 0.9981067736856277 0.00022316224213308846 0.0008092511757625807 0.0008608128964766468 20110508877575.812 
66 0.9977915636652255 0.0002589619530875453 0.0009448920425042378 0.0010045823391827918 20110508877575.707 
67 0.9974280202031914 0.0002995958746322613 0.0011006981428795708 0.0011716857792968573 20110508877575.67 
68 0.9970107375355796 0.0003454044720598496 0.0012785095276101966 0.001365348464750405 20110508877575.703 
69 0.9965341909507803 0.0003967180187289641 0.001480054574304023 0.0015890364561866816 20110508877575.77 
70 0.9959927061203974 0.00045388973617957955 0.0017069618684055765 0.0018464422750174435 20110508877575.797 
71 0.9953803375139544 0.0005173469897317341 0.0019608319682851835 0.0021414835280287926 20110508877575.73 
72 0.9946906443393138 0.0005876549922438732 0.00224337566320964 0.002478325005232698 20110508877575.71 
73 0.9939163737822679 0.0006655822920300336 0.0025566106030631593 0.0028614333226387838 20110508877575.785 
74 0.9930490849075222 0.0007521542256066186 0.0029030916753013587 0.0032956691915699277 20110508877575.7 
75 0.9920787630545136 0.0008486820354770682 0.0032861383584607737 0.0037864165515484375 20110508877575.742 
76 0.9909934741650469 0.0009567626896436165 0.00371002128070163 0.004339741864607786 20110508877575.785 
77 0.9897790883704608 0.0010782553232385284 0.004180083274610544 0.00496257303169011 20110508877575.766 
78 0.9884190708393308 0.0012152491825566025 0.0047027928518845255 0.005662887126227947 20110508877575.79 
79 0.9868943109671178 0.001370039887331871 0.005285749867165749 0.006449899278384584 20110508877575.734 
80 0.9851829511805965 0.0015451247962775087 0.0059376741712547434 0.007334249851871036 20110508877575.727 
81 0.9832601865537939 0.0017432178721152702 0.006668404359624006 0.008328191214466788 20110508877575.8 
82 0.9810980292216223 0.001967274932211933 0.007488918684593691 0.009445777161572093 20110508877575.832 
83 0.9786650566269557 0.00222051517456422 0.008411371334890162 0.010703056863589869 20110508877575.75 
84 0.9759261813163997 0.002506425121413015 0.009449121888181266 0.012118271674006021 20110508877575.68 
85 0.9728424885348811 0.0028287350425770254 0.010616727940245829 0.013712048482296083 20110508877575.625 
86 0.9693711873665746 0.0031913629584913424 0.011929870927397675 0.015507578747536456 20110508877575.73 
87 0.965465715788931 0.0035983252367365686 0.0134051903038215 0.017530768670511024 20110508877575.703 
88 0.9610760343745157 0.004053614474060631 0.015060007831126099 0.019810343320297606 20110508877575.812 
89 0.9561491403737947 0.00456104502098471 0.016911928957309044 0.022377885647911624 20110508877575.805 
90 0.9506298337007034 0.005124065322866114 0.018978311185227845 0.025267789791202637 20110508877575.797 
91 0.9444617667426622 0.005745535638082706 0.021275590936763872 0.02851710668249144 20110508877575.75 
92 0.9375888075555638 0.0064274707422693955 0.023818462842245654 0.032165258859921136 20110508877575.742 
93 0.9299567374772802 0.007170750454721701 0.02661891097426639 0.0362536010937318 20110508877575.703 
94 0.9215152868605059 0.007974806202715162 0.02968510212888455 0.040824804807894556 20110508877575.742 
95 0.9122204850978187 0.008837298918913657 0.03302016770064957 0.045922048282617915 20110508877575.723 
96 0.9020372636221858 0.009753811538062342 0.03662092265674933 0.051588002183002545 20110508877575.734 
97 0.8909422053303644 0.010717587070088228 0.04047659588339048 0.057863611716156824 20110508877575.72 
98 0.8789262853706775 0.011719349200229224 0.04456767261778929 0.06478669281130396 20110508877575.71 
99 0.8659974032192119 0.012747244898304557 0.04886497231962183 0.07239037956286154 20110508877575.758 
100 0.8521824730391574 0.013786945907511667 0.053329098740009656 0.08070148231332139 20110508877575.74 
101 0.8375288278248221 0.014821936911680633 0.05791039746737902 0.08973883779611816 20110508877575.742 
102 0.8221047110623978 0.01583400221429029 0.06254953518087916 0.0995117515424329 20110508877575.734 
103 0.805998682474939 0.016803900846354077 0.06717877196482988 0.11001864471387682 20110508877575.72 
104 0.7893178509965286 0.01771219476378019 0.07172393493211965 0.12124601930757153 20110508877575.76 
105 0.7721849603503697 0.018540170323928584 0.07610702439159892 0.13316784493410289 20110508877575.75 
106 0.7547344754204736 0.019270774461061162 0.08024930365066525 0.14574544646779988 20110508877575.742 
107 0.7371079313890061 0.019889478403508302 0.08407465380551764 0.15892793640196798 20110508877575.734 
108 0.7194488924535242 0.02038498611322736 0.08751292891318962 0.17265319252005884 20110508877575.73 
109 0.7018979075476678 0.02074972185005003 0.09050303459993393 0.1868493360023483 20110508877575.734 
110 0.6845878401286167 0.020980058394873127 0.0929954780056196 0.2014366234708906 20110508877575.754 
111 0.6676398911892119 0.021076279325899058 0.09495419516936608 0.21632963431552307 20110508877575.75 
112 0.6511605415536094 0.021042299347841523 0.0963575432326606 0.2314396158658884 20110508877575.703 
113 0.6352395289663473 0.020885190815697778 0.0971984350444331 0.24667684517352198 20110508877575.797 
114 0.6199488660952823 0.02061457902477353 0.09748367837664847 0.2619528765032957 20110508877575.754 
115 0.6053428127611754 0.020241972745834672 0.0972326492339751 0.2771825652590147 20110508877575.68 
116 0.5914586491915378 0.01978009122593033 0.09647547166556625 0.2922857879169656 20110508877575.76 
117 0.578318060223248 0.019242237206175714 0.09525089335088861 0.30718880921968755 20110508877575.73 
118 0.5659289310624674 0.01864175065115003 0.09360403984146683 0.32182527844491554 20110508877575.727 
119 0.5542873677602571 0.01799156274940539 0.09158420645626403 0.3361368630340734 20110508877575.754 
120 0.5433797827051043 0.017303856449926467 0.0892428123973902 0.35007354844757904 20110508877575.777 
121 0.5331849200039418 0.01658982952746901 0.08663160331016938 0.3635936471584199 20110508877575.79 
122 0.5236757316718329 0.0158595492667444 0.08380115159321087 0.3766635674682119 20110508877575.734 
123 0.5148210488423132 0.015121884064766685 0.08079967187259476 0.3892573952203253 20110508877575.727 
124 0.5065870202514747 0.014384495974527971 0.0776721440727413 0.40135633970125606 20110508877575.73 
125 0.4989383120124989 0.013653878735247984 0.07445971890693416 0.41294809034531893 20110508877575.75 
126 0.49183907822458517 0.012935427474246619 0.07119936983389273 0.42402612446727556 20110508877575.777 
127 0.48525372195496874 0.012233528462864829 0.06792375046468559 0.43458899911748067 20110508877575.73 
128 0.47914747162088234 0.011551659653487988 0.06466121570655294 0.44463965301907693 20110508877575.754 
129 0.47348679988071923 0.010892494949408311 0.061435967263932106 0.45418473790594033 20110508877575.727 
130 0.4682397118410852 0.010258007114778065 0.05826828831534654 0.46323399272879023 20110508877575.723 
131 0.4633759275573129 0.009649565855749847 0.05517483731547833 0.47179966927145905 20110508877575.742 
132 0.4588669811208186 0.009068028890972794 0.05216897624883441 0.4798960137393743 20110508877575.754 
133 0.4546862555767341 0.008513824808360595 0.0492611138221792 0.4875388057927263 20110508877575.71 
134 0.450808969833983 0.007987027219987603 0.04645904874833458 0.4947449541976949 20110508877575.77 
135 0.4472121308260493 0.007487420227239393 0.04376830230454407 0.5015321466421673 20110508877575.684 
136 0.4438744615710476 0.007014555540804793 0.04119243270347309 0.5079185501846747 20110508877575.67 
137 0.44077631351452046 0.006567801805888599 0.03873332651726183 0.5139225581623291 20110508877575.76 
138 0.43789956962552956 0.006146386796241406 0.03639146450540156 0.5195625790728273 20110508877575.766 
139 0.4352275431368967 0.005749433188397603 0.03416616079442794 0.5248568628802778 20110508877575.727 
140 0.4327448755406134 0.005375988630725053 0.03205577552517814 0.5298233603034834 20110508877575.754 
141 0.4304374364302727 0.005025050796107413 0.030057901902382615 0.5344796108712373 20110508877575.75 
142 0.4282922269834327 0.0046955880636412005 0.02816952912452299 0.5388426558284031 20110508877575.74 
143 0.4262972882603856 0.004386556421667957 0.026387183002331147 0.5429289723156153 20110508877575.734 
144 0.42444161502762523 0.004096913127320021 0.024707046244843205 0.5467544256002115 20110508877575.754 
145 0.42271507546511655 0.0038256276002359606 0.02312506044555319 0.5503342364890944 20110508877575.727 
146 0.4211083368610674 0.0035716899725646858 0.02163701177216107 0.5536829613942068 20110508877575.74 
147 0.41961279721611056 0.003334117665247866 0.020238602278324077 0.5568144828403174 20110508877575.715 
148 0.41822052255333236 0.003111960312617141 0.018925508635027167 0.5597420084990234 20110508877575.715 
149 0.4169241896483784 0.0029043033138883103 0.017693429937878823 0.5624780770998544 20110508877575.73 
150 0.4157170338440941 0.002710270251215129 0.016538126095918655 0.5650345698087723 20110508877575.734 
151 0.4145928015882072 0.0025290243794250052 0.015455448155284043 0.5674227258770838 20110508877575.754 
152 0.41354570732426293 0.0023597693621401116 0.014441361762756136 0.5696531615508409 20110508877575.69 
153 0.41257039436989135 0.002201749402366657 0.013491964833357 0.5717358913943849 20110508877575.746 
154 0.41166189942909787 0.0020542488924684 0.012603500354987916 0.5736803513234459 20110508877575.723 
155 0.4108156204031819 0.0019165916883783635 0.011772365142723786 0.5754954227657159 20110508877575.766 
156 0.41002728718647474 0.0017881400956093127 0.010995115246285396 0.5771894574716306 20110508877575.76 
157 0.4092929351562683 0.0016682936397765847 0.010268468616297887 0.5787703025876573 20110508877575.72 
158 0.40860888109008303 0.001556487681657299 0.009589305547832917 0.5802453256804267 20110508877575.75 
159 0.4079717012670776 0.0014521919260030945 0.00895466734278861 0.5816214394641306 20110508877575.71 
160 0.407378211533124 0.0013549088641605946 0.008361753565140913 0.5829051260375745 20110508877575.746 
161 0.40682544913064556 0.0012641721828140278 0.0078079182041946036 0.5841024604823459 20110508877575.754 
162 0.406310656114492 0.0011795451646565958 0.007290665009845818 0.5852191337110056 20110508877575.695 
163 0.405831264193723 0.0011006191013469976 0.00680764221973213 0.5862604744851979 20110508877575.734 
164 0.4053848808561589 0.0010270117345666065 0.006356636860214656 0.5872314705490598 20110508877575.72 
165 0.40496927664810123 0.0009583657372271545 0.005935568770686728 0.5881367888439847 20110508877575.75 
166 0.4045823734954879 0.0008943472437738754 0.005542484473067295 0.588980794787671 20110508877575.688 
167 0.4042222339652637 0.0008346444359833773 0.0051755509848986254 0.5897675706138543 20110508877575.797 
168 0.40388705137702224 0.000778966188584324 0.004833049654687871 0.5905009327797056 20110508877575.773 
169 0.403575140684759 0.0007270407773541136 0.004513370081501332 0.5911844484563854 20110508877575.727 
170 0.4032849300575511 0.0006786146510055886 0.004215004166921129 0.5918214511245222 20110508877575.777 
171 0.4030149530956801 0.0006334512671152831 0.0039365403358987 0.5924150553013058 20110508877575.723 
172 0.4027638416256531 0.000591329991515017 0.0036766579534658807 0.5929681704293659 20110508877575.74 
173 0.4025303190236463 0.0005520450599295364 0.00343412195638553 0.5934835139600387 20110508877575.734 
174 0.4023131940222478 0.000515404600161504 0.0032077777123820555 0.5939636236652086 20110508877575.727 
175 0.40211135496005057 0.00048122971277265005 0.0029965461143720623 0.5944108692128047 20110508877575.832 
176 0.40192376443789984 0.00044935360796199774 0.0027994189129120256 0.5948274630412261 20110508877575.746 
177 0.40174945434904863 0.00041962079617854193 0.0026154542867384244 0.5952154705680345 20110508877575.73 
178 0.4015875212539228 0.0003918863299105392 0.0024437726486483484 0.5955768197675183 20110508877575.742 
179 0.40143712207284754 0.00036601509405116315 0.0022835526819351233 0.5959133101511661 20110508877575.73 
180 0.40129747007265415 0.00034188114224079877 0.0021340276010534034 0.5962266211840517 20110508877575.695 
181 0.40116783112530163 0.00031936707661875787 0.001994481629050948 0.5965183201690287 20110508877575.703 
182 0.4010475202186154 0.0002983634684747302 0.0018642466834998832 0.59678986962941 20110508877575.805 
183 0.4009358982009041 0.0002787683173659857 0.0017426992621237221 0.5970426342196062 20110508877575.688 
184 0.4008323687428498 0.00026048654635528695 0.0016292575189970884 0.5972778871917979 20110508877575.71 
185 0.400736375501457 0.00024342953112240184 0.0015233785220512483 0.5974968164453693 20110508877575.742 
186 0.40064739947193495 0.0002275146608055394 0.0014245556826095495 0.59770053018465 20110508877575.727 
187 0.4005649565146951 0.00021266492853566437 0.0013323163477785397 0.5978900622089907 20110508877575.77 
188 0.40048859504550194 0.00019880854973401555 0.001246219546703173 0.5980663768580607 20110508877575.67 
189 0.40041789387778265 0.0001858786063499676 0.0011658538819404585 0.5982303736339268 20110508877575.766 
190 0.4003524602068464 0.00017381271532121683 0.0010908355574981894 0.5983828915203343 20110508877575.742 
191 0.4002919277266397 0.0001625527196402454 0.0010208065354090406 0.5985247130183109 20110508877575.74 
192 0.4002359548702064 0.0001520444005096406 0.000955432813056861 0.5986565679162271 20110508877575.688 
193 0.400184223165664 0.00014223720916339553 0.0008944028138297625 0.5987791368113429 20110508877575.75 
194 0.40013643570018687 0.00013308401702165018 0.0008374258840390811 0.5988930543987524 20110508877575.746 
195 0.40009231568482395 0.00012454088293229173 0.000784230889407383 0.5989989125428364 20110508877575.727 
196 0.4000516051136307 0.00011656683633424277 0.0007345649047888077 0.5990972631452461 20110508877575.72 
197 0.4000140635109257 0.0001091236752542467 0.0006881919911376822 0.5991886208226823 20110508877575.766 
198 0.39997946676093593 0.0001021757781214335 0.0006448920540840673 0.5992734654068586 20110508877575.734 
199 0.39994760601447304 9.568992845222324e-05 0.0006044597788059461 0.5993522442782687 20110508877575.695 
200 0.39991828666761386 8.963515152210934e-05 0.0005667036362059834 0.599425374544658 20110508877575.707 
