0 0.9994470334490627 0.0005529665509373251 0.0 0.0 20106478754893.74 
1 0.999548411526822 0.00018546171007149335 0.0002281004412573425 3.802632184919109e-05 20110508877575.74 
2 0.9995311913620496 0.00010696657381419937 0.0002807159595285513 8.112610460768744e-05 20110508877575.74 
3 0.9994649121422169 9.642655617465313e-05 0.00031027149377505067 0.0001283898078333871 20110508877575.797 
4 0.9993763641370594 0.00010149050169696477 0.00034127942906898444 0.00018086593217453908 20110508877575.688 
5 0.9992725646655141 0.0001111360764534768 0.0003771513934862371 0.0002391478645462485 20110508877575.78 
6 0.9991552378774301 0.0001228997315143686 0.0004182075852623962 0.0003036548057931636 20110508877575.82 
7 0.9990240608105082 0.00013631234815070068 0.0004646989106857369 0.00037492793065531485 20110508877575.74 
8 0.9988775899101447 0.00015144533131386344 0.0005172138990164801 0.0004537508595251046 20110508877575.727 
9 0.998713614721656 0.00016855307816198583 0.0005766548501513693 0.0005411773500307448 20110508877575.695 
10 0.9985293164481049 0.0001879770587021243 0.0006441774599455932 0.0006385290332471926 20110508877575.742 
11 0.9983213322577749 0.0002101198071144711 0.0007211557705476065 0.0007473921645630114 20110508877575.71 
12 0.9980857624205175 0.00023544041615714445 0.0008091734550934194 0.0008696237082319329 20110508877575.703 
13 0.9978181385916595 0.00026445807779802705 0.000910034249402892 0.0010073690811396865 20110508877575.695 
14 0.9975133637517001 0.00029775948242714156 0.0010257856371458753 0.0011630911287270013 20110508877575.703 
15 0.9971656299631997 0.0003360085900193444 0.0011587520926780997 0.0013396093541028322 20110508877575.773 
16 0.9967683173429829 0.0003799581780685861 0.0013115758252574697 0.0015401486536910504 20110508877575.73 
17 0.9963138758448172 0.00043046291039047535 0.0014872640058399503 0.0017683972389522689 20110508877575.71 
18 0.9957936903056274 0.000488493810283527 0.0016892420580132401 0.0020285738260756936 20110508877575.76 
19 0.9951979285474688 0.0005551540670416621 0.0019214128962974646 0.0023255044891921013 20110508877575.75 
20 0.9945153720396264 0.0006316960903240013 0.0021882220825818724 0.0026647097874678088 20110508877575.74 
21 0.9937332286570092 0.0007195396618904367 0.002494728785452405 0.0030525028956478978 20110508877575.797 
22 0.9928369274153703 0.0008202909173745486 0.002846682175746225 0.0034960994915089025 20110508877575.69 
23 0.9918098957542894 0.00093576171417045 0.003250602458169471 0.004003740073370667 20110508877575.758 
24 0.9906333210456757 0.0010679886923511451 0.003713865086129264 0.0045848251758439625 20110508877575.773 
25 0.989285899632821 0.001219250997512288 0.004244785780551269 0.00525006358911546 20110508877575.71 
26 0.9877435789849065 0.0013920851900727062 0.004852702705389754 0.0060116331196309785 20110508877575.76 
27 0.9859793016317844 0.0015892953007147195 0.005548050469265495 0.006883352598235371 20110508877575.727 
28 0.9839627635593484 0.0018139553038773726 0.006342418461540771 0.007880862675233535 20110508877575.742 
29 0.9816602047679576 0.0020694004941168597 0.0072485833715096116 0.009021811366415904 20110508877575.727 
30 0.9790342556419884 0.0023592034352900113 0.008280502655619715 0.010326038267101802 20110508877575.734 
31 0.9760438692741779 0.0026871294582921203 0.009453252459329677 0.01181574880820039 20110508877575.758 
32 0.9726443760988175 0.0030570663625570675 0.010782890593567565 0.013515666945057897 20110508877575.668 
33 0.9687877016664138 0.003472923392071626 0.012286223503374754 0.015453151438139898 20110508877575.754 
34 0.9644227890947141 0.003938496118059102 0.013980457001591945 0.01765825778563483 20110508877575.707 
35 0.9594962624251021 0.004457296840962332 0.015882715245607772 0.020163725488327892 20110508877575.723 
36 0.9539533544074937 0.005032354335507918 0.0180094218793193 0.02300486937767899 20110508877575.684 
37 0.9477391031171919 0.005665991210790874 0.020375550845564156 0.02621935482645293 20110508877575.73 
38 0.9407998008251456 0.006359590033522118 0.02299376920033714 0.02984683994099498 20110508877575.76 
39 0.9330846630570361 0.00711335880989191 0.025873505424642954 0.03392847270842906 20110508877575.727 
40 0.9245476821122525 0.007926102083894384 0.02901997955119202 0.03850623625266122 20110508877575.773 
41 0.915149637178572 0.008794998279680282 0.0324332250601919 0.04362213948155581 20110508877575.73 
42 0.904860242545722 0.009715381911853126 0.03610712248926197 0.04931725305316289 20110508877575.766 
43 0.8936604098690173 0.01068053549632154 0.040028461626001974 0.05563059300865939 20110508877575.707 
44 0.8815445665286223 0.011681511082347888 0.044176062976155034 0.06259785941287471 20110508877575.695 
45 0.8685229095270386 0.012707020237871782 0.04852002223647477 0.07025004799861499 20110508877575.75 
46 0.8546233998676454 0.013743444931285063 0.05302118453532102 0.07861197066574875 20110508877575.734 
47 0.8398932440887631 0.014775021507933748 0.057630990082661766 0.0877007443206413 20110508877575.67 
48 0.8243995939698828 0.015784232717489802 0.062291840804580716 0.09752433250804675 20110508877575.617 
49 0.8082292351060509 0.01675241237520369 0.06693810805745647 0.10808024446128899 20110508877575.73 
50 0.7914871256847346 0.017660531991655782 0.07149783655576394 0.11935450576784579 20110508877575.785 
51 0.7742937715285004 0.018490107041060317 0.07589511145544468 0.13132100997499446 20110508877575.723 
52 0.7567815598063596 0.019224138556946366 0.08005296152879612 0.14394134010789783 20110508877575.82 
53 0.7390902986943454 0.019847996838838394 0.08389658936806207 0.15716511509875403 20110508877575.668 
54 0.7213623033252439 0.0203501593163565 0.08735666450431148 0.1709308728540882 20110508877575.766 
55 0.7037374150609 0.02072273290308438 0.0903723969409761 0.18516745509503948 20110508877575.715 
56 0.6863483355558099 0.020961719044402135 0.09289412968501357 0.19979581571477442 20110508877575.688 
57 0.6693166032258687 0.021067011901159432 0.09488524481557364 0.21473114005739805 20110508877575.75 
58 0.6527494500358256 0.021042150928623764 0.09632325767606781 0.22988514135948274 20110508877575.71 
59 0.6367376683574238 0.020893873584388992 0.09720006366749283 0.24516839439069427 20110508877575.67 
60 0.6213545090716893 0.020631528998043724 0.09752138747926842 0.2604925744509985 20110508877575.69 
61 0.6066555381571883 0.020266418359828783 0.0973055537848723 0.27577248969811063 20110508877575.723 
62 0.5926793095802818 0.019811123689943404 0.09658174432668233 0.29092782240309256 20110508877575.703 
63 0.5794486713938765 0.01927887598940614 0.09538792675918997 0.3058845258575274 20110508877575.758 
64 0.5669725083815624 0.018682999530108966 0.09376863778056574 0.3205758543077629 20110508877575.766 
65 0.5552477334850258 0.01803645403954734 0.09177278211751114 0.33494303035791584 20110508877575.734 
66 0.5442613648516788 0.017351482966900193 0.08945157640656473 0.34893557577485623 20110508877575.723 
67 0.533992558594553 0.016639365230223694 0.08685672948573606 0.36251134668948726 20110508877575.773 
68 0.5244145031465521 0.015910260364308766 0.08403891356990924 0.3756363229192299 20110508877575.742 
69 0.5154961148597602 0.015173132692019883 0.08104654813191729 0.3882842043163027 20110508877575.74 
70 0.5072035034135596 0.014435738498575454 0.07792489225342668 0.40043586583443835 20110508877575.766 
71 0.49950119834835366 0.013704660492441102 0.07471542247433142 0.4120787186848738 20110508877575.76 
72 0.49235314449429324 0.01298537538280436 0.07145546139452023 0.4232060187283822 20110508877575.727 
73 0.48572348482407496 0.012282342593294271 0.06817801643687285 0.433816156145758 20110508877575.754 
74 0.4795771553239117 0.011599104517242992 0.06491178693454225 0.44391195322430305 20110508877575.797 
75 0.473880318957494 0.01093839100585723 0.061681299702625696 0.453499990334023 20110508877575.73 
76 0.46860066574567355 0.01030222279976006 0.05850713728378415 0.46258997417078224 20110508877575.746 
77 0.4637076042933137 0.009692010294419583 0.05540622813934044 0.47119415727292624 20110508877575.73 
78 0.4591723674686903 0.009108645362241733 0.05239217346315231 0.4793268137059158 20110508877575.727 
79 0.4549680518966689 0.0085525849668289 0.04947559052858831 0.487003772607914 20110508877575.746 
80 0.45106960781987815 0.008023926044111637 0.046664457235794495 0.49424200890021586 20110508877575.723 
81 0.4474537929357229 0.007522471641924979 0.043964446651630004 0.5010592887707221 20110508877575.758 
82 0.44409910115814205 0.007047788652958346 0.041379243777712495 0.5074738664111871 20110508877575.81 
83 0.4409856749380818 0.006599257688658491 0.03891083956127621 0.5135042278119835 20110508877575.71 
84 0.4380952078174205 0.006176115759003757 0.0365597993379143 0.5191688770856615 20110508877575.758 
85 0.43541084226991755 0.005777492473163373 0.034325504543664426 0.5244861607132546 20110508877575.69 
86 0.43291706656734597 0.005402440480416488 0.03220636774125294 0.5294741252109847 20110508877575.8 
87 0.43059961336008795 0.005049960845358117 0.03020002185406893 0.534150403940485 20110508877575.74 
88 0.4284453618380808 0.0047190240079909955 0.028303485066153294 0.5385321290877749 20110508877575.766 
89 0.42644224470202036 0.004408586926015457 0.026513303192117234 0.5426358651798469 20110508877575.754 
90 0.42457916069097457 0.004117606939134468 0.02482567150158436 0.5464775608683066 20110508877575.77 
91 0.4228458930513439 0.0038450528372741205 0.023236538042861306 0.5500725160685207 20110508877575.79 
92 0.42123303406745666 0.0035899135586650787 0.021741690485195694 0.5534353618886827 20110508877575.742 
93 0.4197319155852076 0.0033512048912044544 0.02033682841569459 0.5565800511078934 20110508877575.742 
94 0.4183345453296133 0.00312797450218606 0.019017622906616228 0.5595198572615845 20110508877575.74 
95 0.4170335487312008 0.002919305577685618 0.017779765027012256 0.5622673806641014 20110508877575.71 
96 0.4158221159235705 0.0027243193136514622 0.01661900482098265 0.5648345599417954 20110508877575.785 
97 0.41469395354698957 0.0025421764659225177 0.015531182121266028 0.5672326878658219 20110508877575.72 
98 0.4136432409832215 0.0023720781357206054 0.014512250417104364 0.5694724304639536 20110508877575.727 
99 0.41266459065007094 0.0022132659403108655 0.013558294852992684 0.5715638485566257 20110508877575.75 
100 0.4117530119964676 0.0020650216951515225 0.012665545302282224 0.5735164210060987 20110508877575.723 
101 0.4109038788567065 0.001926666713608933 0.011830385337867929 0.5753390690918165 20110508877575.727 
102 0.4101128998442502 0.001797560812856478 0.011049357811836804 0.5770401815310566 20110508877575.707 
103 0.4093760914888324 0.0016771010995856827 0.01031916765689564 0.5786276397546862 20110508877575.76 
104 0.40868975384480144 0.001564720596340296 0.009636682434270672 0.5801088431245874 20110508877575.734 
105 0.40805044832265375 0.0014598867583657299 0.008998931074919834 0.5814907338440607 20110508877575.72 
106 0.40745497751870746 0.0013620999216047477 0.008403101192594336 0.5827798213670935 20110508877575.754 
107 0.40690036684008435 0.0012708917146451871 0.007846535287685974 0.5839822061575844 20110508877575.777 
108 0.4063838477424359 0.0011858234608420708 0.0073267261090889735 0.585103602687633 20110508877575.73 
109 0.4059028424170774 0.0011064845913222228 0.006841311396652961 0.5861493615949475 20110508877575.727 
110 0.40545494978137747 0.0010324910849822272 0.0063880681884336205 0.5871244909452068 20110508877575.746 
111 0.4050379326422267 0.0009634839477763045 0.0059649068441218 0.5880336765658751 20110508877575.785 
112 0.40464970591642735 0.0008991277404443745 0.00556986490807375 0.5888813014350543 20110508877575.77 
113 0.4042883258048721 0.0008391091612497767 0.005201100911658744 0.5896714641222193 20110508877575.754 
114 0.40395197982863196 0.0007831356881939701 0.004856888194625712 0.5904079962885483 20110508877575.77 
115 0.403638977645311 0.0007309342834759055 0.00453560880837355 0.5910944792628394 20110508877575.707 
116 0.4033477425730304 0.0006822501616018533 0.004235747549940173 0.5917342597154276 20110508877575.797 
117 0.4030768037574351 0.000636845621471838 0.003955886163821757 0.5923304644572713 20110508877575.684 
118 0.40282478892407453 0.000594498941922832 0.003694697739041008 0.5928860143949616 20110508877575.734 
119 0.4025904176647852 0.0005550033395578684 0.0034509413209126935 0.5934036376747442 20110508877575.734 
120 0.40237249521222446 0.0005181659871976945 0.0032234567504347313 0.5938858820501431 20110508877575.73 
121 0.4021699066613592 0.000483807090930665 0.003011159738947451 0.5943351265087629 20110508877575.742 
122 0.4019816116011517 0.0004517590234813942 0.0028130371814482267 0.5947535921939188 20110508877575.793 
123 0.4018066391232772 0.00042186551144952314 0.002628142708563837 0.5951433526567095 20110508877575.707 
124 0.40164408317797334 0.0003939808738696685 0.002455592474519004 0.595506343473638 20110508877575.715 
125 0.4014930982502058 0.00036796930949787416 0.00229456117637962 0.5958443712639167 20110508877575.734 
126 0.40135289533160057 0.00034370423022698517 0.0021442782982836572 0.596159122139889 20110508877575.758 
127 0.4012227381660763 0.0003210676380637519 0.0020040245732199672 0.59645216962264 20110508877575.8 
128 0.40110193974901825 0.0002999495431561081 0.0018731286540937453 0.5967249820537319 20110508877575.72 
129 0.4009898590615924 0.0002802474204333468 0.0017509639852716335 0.5969789295327026 20110508877575.76 
130 0.40088589802342023 0.0002618657025098323 0.0016369458654709084 0.5972152904085991 20110508877575.734 
131 0.4007894986481726 0.0002447153066000511 0.001530528692705765 0.5974352573525216 20110508877575.785 
132 0.4007001403879966 0.00022871319329578738 0.0014312033819921589 0.5976399430367153 20110508877575.727 
133 0.40061733765368157 0.00021378195516240283 0.001338494946608622 0.5978303854445473 20110508877575.734 
134 0.40054063749864477 0.000199849433218533 0.001251960233892677 0.598007552834244 20110508877575.74 
135 0.4004696174555519 0.0001868483594701045 0.001171185806795813 0.5981723483781821 20110508877575.777 
136 0.4004038835154025 0.00017471602377460379 0.0010957859627123096 0.5983256144981105 20110508877575.7 
137 0.4003430682394994 0.00016339396341349483 0.0010254008814206137 0.5984681369156664 20110508877575.78 
138 0.40028682899548834 0.00015282767384952944 0.0009596948943225815 0.5986006484363396 20110508877575.715 
139 0.40023484630931006 0.00014296633924035647 0.0008983548675245437 0.598723832483925 20110508877575.746 
140 0.40018682232535685 0.00013376258137050455 0.0008410886916695251 0.5988383264016032 20110508877575.79 
141 0.4001424793678161 0.00012517222574987683 0.0007876238717949273 0.5989447245346391 20110508877575.746 
142 0.4001015585965031 0.00011715408370865845 0.0007377062108512796 0.599043581108937 20110508877575.695 
143 0.4000638187510528 0.0001096697493957014 0.0006910985808718618 0.5991354129186794 20110508877575.68 
144 0.40002903497770786 0.00010268341066023701 0.0006475797761264752 0.5992207018355054 20110508877575.777 
145 0.39999699773329117 9.616167286522449e-05 0.0006069434429255839 0.599299897150918 20110508877575.723 
146 0.39996751176137274 9.007339474491468e-05 0.000568997081059907 0.5993734177628224 20110508877575.746 
147 0.3999403951359115 8.438953547950883e-05 0.0005335611121666228 0.5994416542164424 20110508877575.703 
148 0.3999154783679806 7.908301221612975e-05 0.000500468010604242 0.599504970609199 20110508877575.8 
149 0.39989260357150846 7.412856731817126e-05 0.0004695614926954246 0.599563706368478 20110508877575.742 
150 0.39987162368411583 6.950264467429459e-05 0.00044069576045922 0.5996181779107506 20110508877575.77 
151 0.39985240173954084 6.518327444442032e-05 0.00041373479620241923 0.5996686801898123 20110508877575.727 
152 0.39983481018824785 6.114996566291452e-05 0.00038855170457386626 0.5997154881415152 20110508877575.76 
153 0.3998187302630834 5.738360615925514e-05 0.000365028098906317 0.5997588580318511 20110508877575.766 
154 0.399804051387027 5.3866369293678925e-05 0.00034305352887780457 0.5997990287148014 20110508877575.695 
155 0.3997906706203155 5.058162704010057e-05 0.00032252494671973367 0.5998362228059247 20110508877575.734 
156 0.3997784921443417 4.7513868980902905e-05 0.0003033462093818294 0.5998706477772957 20110508877575.742 
157 0.3997674267799084 4.4648626808323165e-05 0.00028542761423569837 0.5999024969790475 20110508877575.742 
158 0.39975739153761497 4.197240395517237e-05 0.0002686854660596606 0.5999319505923701 20110508877575.72 
159 0.39974830919823817 3.947261000372241e-05 0.0002530416731979255 0.5999591765185601 20110508877575.727 
160 0.3997401079211523 3.713749954584518e-05 0.00023842337092811248 0.5999843312083738 20110508877575.754 
161 0.3997327208789478 3.495611519007935e-05 0.00022476257020279813 0.6000075604356593 20110508877575.73 
162 0.3997260859164898 3.2918234432291714e-05 0.000211995830053817 0.6000290000190239 20110508877575.777 
163 0.3997201452328467 3.101432012617021e-05 0.000200063952063181 0.6000487764949639 20110508877575.727 
164 0.3997148450845408 2.923547430793077e-05 0.0001889116954117257 0.6000670077457396 20110508877575.766 
165 0.399710135508738 2.7573395146569892e-05 0.00017848751111703597 0.6000838035849985 20110508877575.727 
166 0.3997059700650414 2.60203368067068e-05 0.0001687432941657256 0.6000992663039862 20110508877575.777 
167 0.39970230559466324 2.456907202571697e-05 0.0001596341523325274 0.6001134911809785 20110508877575.727 
168 0.3996991019958049 2.3212857220469796e-05 0.00015111819056018585 0.6001265669564146 20110508877575.77 
169 0.3996963220141966 2.1945399951669887e-05 0.00014315630985018785 0.6001385762760015 20110508877575.777 
170 0.39969393104775064 2.0760828585591352e-05 0.00013571201968524643 0.6001495961039786 20110508877575.793 
171 0.3996918969644463 1.9653664003974475e-05 0.00012875126307070593 0.600159698108479 20110508877575.688 
172 0.3996901899324862 1.8618793223067698e-05 0.00012224225334363155 0.6001689490209472 20110508877575.727 
173 0.3996887822619766 1.765144479231491e-05 0.00011615532195598007 0.6001774109712752 20110508877575.766 
174 0.399687648257323 1.6747165852029807e-05 0.00011046277649179517 0.6001851418003331 20110508877575.76 
175 0.3996867640796149 1.5901800737645646e-05 0.00010513876822847834 0.6001921953514191 20110508877575.703 
176 0.399686107618396 1.5111471025798979e-05 0.00010015916859876973 0.6001986217419795 20110508877575.67 
177 0.3996856583720933 1.4372556924646368e-05 9.550145395359023e-05 0.6002044676170284 20110508877575.746 
178 0.3996853973366194 1.3681679917464913e-05 9.114459806639996e-05 0.6002097763853969 20110508877575.766 
179 0.39968530690152226 1.3035686574780395e-05 8.706897185755818e-05 0.6002145884400454 20110508877575.8 
180 0.39968537075323146 1.2431633456033164e-05 8.325624985239034e-05 0.60021894136346 20110508877575.773 
181 0.3996855737848936 1.186677302716466e-05 7.968932291950413e-05 0.6002228701191598 20110508877575.746 
182 0.3996859020123687 1.1338540525508904e-05 7.635221686656341e-05 0.6002264072302391 20110508877575.785 
183 0.3996863424959592 1.0844541708034125e-05 7.323001649922843e-05 0.6002295829458335 20110508877575.707 
184 0.399686883267484 1.0382541423320072e-05 7.030879477562813e-05 0.6002324253963169 20110508877575.777 
185 0.39968751326237173 9.95045295170245e-06 6.757554671354403e-05 0.6002349607379629 20110508877575.746 
186 0.3996882222563725 9.546328061779656e-06 6.501812773059366e-05 0.600237213287835 20110508877575.71 
187 0.3996890008066348 9.168347734993396e-06 6.262519611931544e-05 0.6002392056495108 20110508877575.715 
188 0.3996898401968311 8.814813513259882e-06 6.038615937913196e-05 0.6002409588302763 20110508877575.785 
189 0.3996907323860359 8.484139427680112e-06 5.829112414594355e-05 0.6002424923503905 20110508877575.707 
190 0.3996916699611298 8.174844469195446e-06 5.6330849477573866e-05 0.6002438243449234 20110508877575.78 
191 0.3996926460924968 7.88554556470474e-06 5.449670326959886e-05 0.600244971658669 20110508877575.734 
192 0.39969365449275307 7.614951024622541e-06 5.278062159127927e-05 0.600245949934631 20110508877575.766 
193 0.3996946893783418 7.361854430159877e-06 5.1175070745505175e-05 0.6002467736964826 20110508877575.72 
194 0.3996957454337754 7.12512893075043e-06 4.967301186984668e-05 0.600247456425424 20110508877575.777 
195 0.39969681777835164 6.903721924043299e-06 4.82678679081605e-05 0.6002480106318161 20110508877575.727 
196 0.39969790193518656 6.696650092744317e-06 4.695349279365606e-05 0.600248447921927 20110508877575.74 
197 0.3996989938023726 6.502994774324578e-06 4.5724142695066556e-05 0.6002487790601578 20110508877575.746 
198 0.3997000896261633 6.321897641231637e-06 4.457444918753759e-05 0.6002490140270077 20110508877575.76 
199 0.39970118597600857 6.152556670747584e-06 4.349939421916978e-05 0.6002491620731014 20110508877575.773 
200 0.39970227972133165 5.994222385044172e-06 4.2494286752843086e-05 0.6002492317695303 20110508877575.76 
