0 0.9969178057909355 0.0030821942090645863 0.0 0.0 20084301075199.74 
1 0.9966443443860965 0.0013860294330058278 0.0016854402899577371 0.00028418589094004375 20110508877575.715 
2 0.9959892753806501 0.0009147866222124014 0.0024001081124733633 0.0006958298846640409 20110508877575.76 
3 0.9951451369956272 0.0008634844571729249 0.0028262343009386854 0.0011651442462612504 20110508877575.797 
4 0.994205122516479 0.0009265118348688063 0.00319121912415663 0.0016771465244957119 20110508877575.785 
5 0.9931775921699723 0.0010245702880997114 0.003563601577420152 0.0022342359645078917 20110508877575.76 
6 0.9920529049745492 0.0011387177404128903 0.003965616932610843 0.0028427603524272785 20110508877575.79 
7 0.9908186963550751 0.0012652178590052 0.0044064380145652105 0.003509647771354568 20110508877575.723 
8 0.989462332148766 0.0014041056354611328 0.004891617031504523 0.004241945184268191 20110508877575.742 
9 0.9879708409497109 0.0015563510144508787 0.005425822451010492 0.005046985584827705 20110508877575.75 
10 0.9863305873763283 0.0017231644153140578 0.006013654246511336 0.005932593961846451 20110508877575.74 
11 0.9845270643670961 0.0019058293662547693 0.006659881313386323 0.0069072249532628706 20110508877575.76 
12 0.9825448077589447 0.002105659807759152 0.007369493084521845 0.007980039348774283 20110508877575.78 
13 0.9803673915070287 0.0023239823687158105 0.008147684476479707 0.009160941647775868 20110508877575.75 
14 0.977977475062863 0.002562119532947509 0.008999810901389377 0.010460594502800081 20110508877575.74 
15 0.9753568899409155 0.0028213681725608917 0.00993132382376698 0.011890418062756553 20110508877575.695 
16 0.9724867624257452 0.0031029722212840925 0.010947688582881959 0.013462576770088863 20110508877575.727 
17 0.9693476747012302 0.0034080891389442385 0.012054283245178904 0.015189952914646827 20110508877575.742 
18 0.9659198691747536 0.0037377499920777926 0.013256276379817682 0.017086104453350983 20110508877575.67 
19 0.9621835016315371 0.004092813080153257 0.014558481617517697 0.01916520367079199 20110508877575.707 
20 0.958118948817041 0.0044739111774866015 0.015965187194129676 0.02144195281134298 20110508877575.727 
21 0.9537071755644916 0.004881392616429206 0.01747995917194606 0.023931472647133332 20110508877575.74 
22 0.948930165929032 0.005315256586297893 0.01910541754435307 0.0266491599403171 20110508877575.66 
23 0.9437714219463359 0.0057750832249924 0.02084298497057396 0.029610509858097767 20110508877575.77 
24 0.9382165320442682 0.006259959558887876 0.022692608765253867 0.03283089963159007 20110508877575.82 
25 0.9322538074190138 0.0067684035192660365 0.024652458781354143 0.03632533028036608 20110508877575.73 
26 0.9258749766654404 0.007298290629099395 0.026718608282169334 0.04010812442329087 20110508877575.742 
27 0.9190759144173137 0.007846791747744972 0.028884713197273208 0.04419258063766814 20110508877575.73 
28 0.9118573581561167 0.00841033493095575 0.031141717774921574 0.04859058913800604 20110508877575.777 
29 0.9042255419655302 0.008984608241058348 0.03347762975565767 0.05331222003775383 20110508877575.695 
30 0.896192655284123 0.009564620374676118 0.03587742069887321 0.05836530364232774 20110508877575.688 
31 0.8877770308643559 0.010144829455961988 0.03832310924837222 0.06375503043130999 20110508877575.754 
32 0.8790029898525824 0.010719336577226455 0.04079406966496388 0.06948360390522718 20110508877575.652 
33 0.869900324495946 0.01128212297296488 0.043267573101942965 0.07554997942914625 20110508877575.71 
34 0.8605034674985131 0.011827295158808123 0.045719522324584184 0.08194971501809448 20110508877575.71 
35 0.8508504579133817 0.012349298280032278 0.048125297266789234 0.08867494653979703 20110508877575.727 
36 0.8409818443357671 0.012843067122633577 0.0504606051727932 0.0957144833688061 20110508877575.773 
37 0.8309396575119296 0.01330410310120757 0.05270223379027685 0.10305400559658587 20110508877575.76 
38 0.8207665426252292 0.013728486364622894 0.054828636647977505 0.11067633436217032 20110508877575.734 
39 0.810505083661402 0.014112847392711183 0.05682032430968392 0.11856174463620293 20110508877575.727 
40 0.8001972987781683 0.014454327524567353 0.05866007935053731 0.126688294346727 20110508877575.74 
41 0.7898842526536183 0.014750552371975431 0.06033304242886554 0.13503215254554085 20110508877575.76 
42 0.7796057254686638 0.014999629727937717 0.061826725831972795 0.14356791897142576 20110508877575.742 
43 0.7693998933283414 0.01520017031987294 0.06313100140377875 0.15226893494800678 20110508877575.76 
44 0.7593029997351662 0.015351320660379864 0.0642380900524902 0.16110758955196355 20110508877575.73 
45 0.7493490207612514 0.015452794294024812 0.06514255950359651 0.17005562544112723 20110508877575.793 
46 0.7395693413367229 0.01550488983885109 0.06584132211249179 0.17908444671193427 20110508877575.74 
47 0.7299924654673859 0.015508488857685996 0.06633361762444193 0.18816542805048603 20110508877575.652 
48 0.7206437813879222 0.015465031465346023 0.06662096572325125 0.19727022142348075 20110508877575.742 
49 0.711545396777648 0.015376471362345602 0.06670707751117937 0.20637105434882727 20110508877575.766 
50 0.7027160518864715 0.01524521429956137 0.06659772114035421 0.215441012673613 20110508877575.793 
51 0.6941711114906695 0.01507404499406285 0.06630054278126771 0.2244543007339998 20110508877575.74 
52 0.6859226309326986 0.014866047605637728 0.06582484889720233 0.23338647256446132 20110508877575.766 
53 0.6779794874206203 0.014624524408705883 0.06518135898543855 0.2422146291852352 20110508877575.75 
54 0.6703475652491128 0.01435291653083086 0.06438193956404106 0.2509175786560153 20110508877575.71 
55 0.6630299824570886 0.014054729760689437 0.06343933046872673 0.2594759573134954 20110508877575.734 
56 0.6560273463849109 0.013733467568158868 0.06236687380639175 0.2678723122405386 20110508877575.695 
57 0.6493380263518546 0.013392572692435788 0.06117825452323446 0.2760911464324751 20110508877575.797 
58 0.6429584329746219 0.013035377975451849 0.05988725978145196 0.2841189292684742 20110508877575.746 
59 0.6368832952594595 0.012665066562236364 0.05850756243850601 0.2919440757397982 20110508877575.676 
60 0.6311059283349797 0.012284641159146547 0.057052532066850535 0.29955689843902333 20110508877575.785 
61 0.6256184864074034 0.011896901728145537 0.05553507526311289 0.3069495366013383 20110508877575.793 
62 0.6204121971134333 0.011504430787972749 0.05396750554897487 0.3141158665496192 20110508877575.777 
63 0.6154775748547301 0.011109585375338253 0.05236144199660882 0.32105139777332276 20110508877575.78 
64 0.6108046118896461 0.010714494674106427 0.05072773482454749 0.3277531586117 20110508877575.703 
65 0.6063829469232306 0.010321062331017782 0.0490764155891077 0.33421957515664397 20110508877575.715 
66 0.6022020116842852 0.009930972527353168 0.04741666921212939 0.3404503465762323 20110508877575.742 
67 0.5982511565276002 0.00954569895359846 0.045756824900763056 0.34644631961803846 20110508877575.746 
68 0.5945197564766611 0.00916651592747141 0.04410436299001781 0.35220936460584973 20110508877575.727 
69 0.5909972993550999 0.008794510995820156 0.04246593483545641 0.35774225481362354 20110508877575.727 
70 0.5876734577726219 0.008430598461313964 0.04084739306707764 0.3630485506989866 20110508877575.73 
71 0.584538146758624 0.008075533370871099 0.039253829755913426 0.3681324901145915 20110508877575.773 
72 0.5815815687983732 0.007729925591373049 0.03768962031738782 0.37299888529286596 20110508877575.727 
73 0.5787942479410199 0.007394253677670509 0.03615847126036478 0.37765302712094495 20110508877575.727 
74 0.5761670545330629 0.007068878307424059 0.03466347017323758 0.38210059698627524 20110508877575.797 
75 0.5736912219972496 0.006754055116901956 0.03320713660779973 0.3863475862780485 20110508877575.7 
76 0.5713583569353694 0.00644994682190289 0.031791472770910455 0.3904002234718173 20110508877575.727 
77 0.5691604436913736 0.006156634549231981 0.03041801315900109 0.39426490860039326 20110508877575.77 
78 0.5670898443734265 0.005874128337525113 0.029087872469234156 0.39794815481981416 20110508877575.74 
79 0.5651392952036915 0.005602376792676405 0.02780179129339764 0.4014565367102344 20110508877575.727 
80 0.5633018999447437 0.005341275903629886 0.026560179247214287 0.40479664490441225 20110508877575.7 
81 0.5615711210426314 0.005090677039785904 0.02536315531034278 0.40797504660723993 20110508877575.707 
82 0.5599407690288862 0.004850394162577233 0.024210585253068906 0.4109982515554677 20110508877575.785 
83 0.5584049906377131 0.004620210291652295 0.023102116106888143 0.4138726829637465 20110508877575.715 
84 0.5569582560185372 0.0043998832712234485 0.022037207700289295 0.41660465300995 20110508877575.79 
85 0.5555953453585921 0.004189150885061311 0.021015161330444034 0.41920034242590254 20110508877575.766 
86 0.5543113351732623 0.0039877353698262 0.020035145678383742 0.4216657837785278 20110508877575.74 
87 0.5531015844735 0.003795347376327 0.019096220101706626 0.42400684804846644 20110508877575.754 
88 0.5519617209781957 0.003611689427212534 0.018197355456675696 0.42622923413791614 20110508877575.76 
89 0.550887627504558 0.00343645891780634 0.01733745261240499 0.42833846096523076 20110508877575.73 
90 0.5498754286401287 0.003269350704507052 0.016515358825073483 0.43033986183029066 20110508877575.727 
91 0.5489214777756152 0.003110059322565 0.0157298821409537 0.4322385807608661 20110508877575.727 
92 0.5480223445573226 0.0029582808722496924 0.014979803994510195 0.4340395705759175 20110508877575.758 
93 0.5471748028012164 0.0028137146095442277 0.014263890162766298 0.4357475924264731 20110508877575.74 
94 0.5463758188968971 0.0026760642746230354 0.013580900230243605 0.4373672165982362 20110508877575.715 
95 0.545622540718488 0.002545039188546499 0.01292959571062983 0.43890282438233585 20110508877575.758 
96 0.5449122870505864 0.0024203551458826513 0.012308746962372682 0.4403586108411582 20110508877575.727 
97 0.5442425375300123 0.0023017351283726004 0.011717139026007744 0.4417385883156073 20110508877575.754 
98 0.5436109230985834 0.0021889098623109724 0.011153576501484982 0.4430465905376205 20110508877575.695 
99 0.543015216957587 0.002081618240026867 0.010616887574273468 0.44428627722811265 20110508877575.76 
100 0.5424533260113229 0.0019796076237300424 0.010105927289787712 0.4454611390751595 20110508877575.79 
101 0.5419232827845062 0.00188263404803126 0.009619580166768893 0.4465745030006937 20110508877575.723 
102 0.5414232377965708 0.0017904623356517154 0.009156762231799289 0.44762953763597824 20110508877575.79 
103 0.5409514523745836 0.001702866139200076 0.008716422549149023 0.44862925893706723 20110508877575.727 
104 0.5405062918858285 0.0016196279204069239 0.00829754431269614 0.44957653588106833 20110508877575.73 
105 0.5400862193705703 0.0015405388768600099 0.007899145559744568 0.45047409619282514 20110508877575.707 
106 0.5396897895555537 0.0014653988250688606 0.007520279560168664 0.4513245320592087 20110508877575.715 
107 0.5393156432288179 0.001394016047594442 0.007160034928456107 0.4521303057951315 20110508877575.75 
108 0.5389625019567639 0.0013262071110007206 0.006817535500855746 0.45289375543137966 20110508877575.71 
109 0.5386291631248528 0.0012617966605098733 0.006491940014969208 0.4536171001996681 20110508877575.734 
110 0.5383144952839078 0.0012006171964623737 0.006182441624700116 0.4543024458949296 20110508877575.777 
111 0.5380174337845605 0.0011425088369900686 0.005888267279491366 0.4549517900989581 20110508877575.727 
112 0.5377369766831085 0.0010873190706953638 0.0056086769931865555 0.4555670272530096 20110508877575.73 
113 0.5374721809027853 0.0010349025025853712 0.005342963024631458 0.4561499535699979 20110508877575.742 
114 0.53722215863513 0.0009851205960302739 0.005090448989248461 0.4567022717795912 20110508877575.734 
115 0.5369860739669312 0.0009378414130925717 0.004850488918246657 0.45722559570172955 20110508877575.73 
116 0.5367631397189251 0.0008929393552029935 0.004622466279841909 0.4577214546460299 20110508877575.734 
117 0.5365526144831834 0.0008502949058340103 0.00440579297483163 0.45819129763615096 20110508877575.805 
118 0.536353799846833 0.0008097943765384421 0.004199908317072439 0.4586364974595561 20110508877575.746 
119 0.5361660377904106 0.0007713296574731644 0.00400427800782315 0.45905835454429317 20110508877575.777 
120 0.5359887082498698 0.0007347979733138496 0.00381839311151949 0.4594581006652968 20110508877575.723 
121 0.5358212268318737 0.0007001016452803792 0.0036417690393202025 0.4598369024835258 20110508877575.78 
122 0.5356630426726162 0.0006671478598326166 0.0034739445456907834 0.46019586492186043 20110508877575.785 
123 0.535513636431027 0.0006358484444581459 0.0033144807423533553 0.4605360343821616 20110508877575.73 
124 0.5353725184077346 0.0006061196508556241 0.0031629601331139377 0.4608584018082959 20110508877575.723 
125 0.5352392267817616 0.0005778819457168161 0.0030189856723709103 0.46116390560015047 20110508877575.75 
126 0.5351133259573446 0.0005510598092247498 0.002882179849492802 0.461453434383938 20110508877575.74 
127 0.5349944050137908 0.0005255815413136812 0.002752183800727223 0.4617278296441685 20110508877575.71 
128 0.5348820762517775 0.000501379075676035 0.002628656449847307 0.4619878882226991 20110508877575.742 
129 0.5347759738297918 0.0004783878014512492 0.002511273678353847 0.4622343646904031 20110508877575.734 
130 0.5346757524850134 0.0004565463924902623 0.0023997275257216628 0.4624679735967747 20110508877575.812 
131 0.5345810863330579 0.00043579664405554844 0.0022937254198988283 0.4626893916029877 20110508877575.72 
132 0.534491667741613 0.0004160833167895092 0.0021929894380321884 0.4628992595035653 20110508877575.79 
133 0.534407206273141 0.00039735398776289185 0.002097255597197395 0.4630981841418987 20110508877575.74 
134 0.5343274276922163 0.000379558908398145 0.002006273174748159 0.4632867402246373 20110508877575.734 
135 0.5342520730333559 0.0003626508690506207 0.0019198040577677923 0.46346547203982574 20110508877575.703 
136 0.5341808977254312 0.0003465850700217534 0.0018376221209982205 0.4636348950835489 20110508877575.766 
137 0.5341136707690747 0.0003313189987727445 0.0017595126325367614 0.4637954975996157 20110508877575.703 
138 0.5340501739636385 0.0003168123131042264 0.0016852716865242284 0.4639477420367331 20110508877575.688 
139 0.5339902011806118 0.000303026730066487 0.001614705661998962 0.46409206642732287 20110508877575.73 
140 0.5339335576804465 0.0002899259203657448 0.001547630707054524 0.46422888569213333 20110508877575.746 
141 0.5338800594701236 0.0002774754080343137 0.0014838722474154419 0.4643585928744266 20110508877575.754 
142 0.5338295326988363 0.0002656424751361236 0.0014232645185307204 0.4644815603074967 20110508877575.77 
143 0.5337818130893596 0.0002543960712836796 0.0013656501202802622 0.4645981407190765 20110508877575.715 
144 0.5337367454029089 0.0002437067277478263 0.0013108795933898408 0.4647086682759533 20110508877575.73 
145 0.5336941829353578 0.00023354647594777355 0.0012588110166586461 0.4648134595720359 20110508877575.73 
146 0.5336539870428383 0.00022388877011518643 0.0012093096241152352 0.4649128145629313 20110508877575.68 
147 0.5336160266949278 0.00021470841393298742 0.0011622474412341503 0.465007017449905 20110508877575.78 
148 0.5335801780536797 0.00020598149095652093 0.001117502939364974 0.4650963375159988 20110508877575.758 
149 0.5335463240768993 0.00019768529863184542 0.0010749607075472565 0.4651810299169217 20110508877575.734 
150 0.5335143541442067 0.00018979828573320449 0.0010345111409090122 0.46526133642915124 20110508877575.72 
151 0.5334841637044184 0.00018229999304891992 0.0009960501448712925 0.4653374861576614 20110508877575.766 
152 0.5334556539430179 0.0001751709971521002 0.0009594788544080265 0.46540969620542194 20110508877575.734 
153 0.5334287314684384 0.0001683928570996905 0.0009247033676367616 0.4654781723068251 20110508877575.742 
154 0.5334033080160533 0.0001619480639103178 0.0008916344930438911 0.4655431094269924 20110508877575.754 
155 0.5333793001687629 0.00015581999267817826 0.0008601875096745661 0.4656046923288844 20110508877575.78 
156 0.5333566290932422 0.00014999285718685868 0.0008302819396453693 0.46566309610992557 20110508877575.74 
157 0.5333352202908602 0.00014445166689340403 0.0008018413323644359 0.4657184867098818 20110508877575.758 
158 0.533315003362387 0.00013918218615916744 0.0007747930598705382 0.4657710213915832 20110508877575.723 
159 0.5332959117857698 0.0001341708956099829 0.0007490681227283929 0.4658208491958917 20110508877575.758 
160 0.5332778827060708 0.00012940495551401606 0.000724600965943273 0.46586811137247186 20110508877575.76 
161 0.5332608567369679 0.00012487217107118133 0.0007013293043822704 0.46591294178757875 20110508877575.8 
162 0.5332447777730783 0.00012056095951338155 0.0006791939572139094 0.4659554673101943 20110508877575.75 
163 0.5332295928125091 0.00011646031891995065 0.000658138690900872 0.4659958081776699 20110508877575.723 
164 0.5332152517890258 0.00011255979865754883 0.0006381100703029106 0.4660340783420136 20110508877575.734 
165 0.5332017074133159 0.00010884947135848741 0.00061905731746884 0.46607038579785687 20110508877575.797 
166 0.5331889150227845 0.0001053199063559018 0.0006009321777169671 0.4661048328931427 20110508877575.74 
167 0.5331768324394627 0.00010196214449845195 0.0005836887926234414 0.46613751662341535 20110508877575.703 
168 0.5331654198354748 9.876767427133864e-05 0.0005672835795571277 0.46616852891069666 20110508877575.727 
169 0.5331546396057796 9.572840915423473e-05 0.0005516751174177215 0.4661979568676485 20110508877575.758 
170 0.5331444562476315 9.283666615045065e-05 0.0005368240382514911 0.4662258830479666 20110508877575.71 
171 0.5331348362464883 9.008514542514047e-05 0.0005226929244357364 0.46625238568365085 20110508877575.75 
172 0.5331257479679907 8.746691099369523e-05 0.0005092462111389586 0.4662775389098767 20110508877575.742 
173 0.5331171615556678 8.4975372404592e-05 0.0004964500937790208 0.4663014129781487 20110508877575.727 
174 0.533109048834034 8.260426736401652e-05 0.0004842724402160773 0.466324074458386 20110508877575.76 
175 0.5331013832168686 8.0347645252377e-05 0.0004726827074309636 0.46634558643044816 20110508877575.73 
176 0.5330941396202914 7.819985148553883e-05 0.00046165186245271855 0.4663660086657704 20110508877575.734 
177 0.5330872943804663 7.615551267617021e-05 0.00045115230731170285 0.46638539779954596 20110508877575.734 
178 0.5330808251756306 7.420952255299635e-05 0.0004411578078064364 0.46640380749400995 20110508877575.777 
179 0.533074710952255 7.23570285980639e-05 0.0004316434258837771 0.4664212885932633 20110508877575.688 
180 0.5330689318550886 7.059341936426233e-05 0.00042258545544268374 0.4664378892701044 20110508877575.773 
181 0.5330634691609198 6.891431243743971e-05 0.00041396136138215864 0.4664536551652605 20110508877575.71 
182 0.5330583052158123 6.731554300934067e-05 0.00040574972172340875 0.4664686295194549 20110508877575.758 
183 0.5330534233756734 6.579315302947476e-05 0.0003979301726457315 0.4664828532986513 20110508877575.758 
184 0.5330488079499778 6.434338090571687e-05 0.0003904833562840387 0.4664963653128327 20110508877575.72 
185 0.5330444441484513 6.296265172510793e-05 0.00038339087114438027 0.4665092023286791 20110508877575.73 
186 0.5330403180305968 6.164756796785484e-05 0.0003766352250015095 0.4665213991764338 20110508877575.758 
187 0.5330364164579092 6.039490068898124e-05 0.00037019979014990437 0.46653298885125183 20110508877575.79 
188 0.5330327270486294 5.9201581143483445e-05 0.0003640687608866811 0.46654400260934054 20110508877575.73 
189 0.5330292381348943 5.806469283210638e-05 0.0003582271131113722 0.4665544700591621 20110508877575.754 
190 0.5330259387222045 5.698146394612337e-05 0.00035266056593378673 0.46656441924791564 20110508877575.746 
191 0.5330228184510541 5.594926019062252e-05 0.0003473555451869906 0.4665738767435682 20110508877575.76 
192 0.5330198675606015 5.496557796691961e-05 0.0003422991487481057 0.46658286771268354 20110508877575.77 
193 0.5330170768543396 5.402803789572455e-05 0.00033747911357465506 0.46659141599419 20110508877575.742 
194 0.5330144376675592 5.313437866368205e-05 0.00033288378436931875 0.4665995441694079 20110508877575.76 
195 0.5330119418366294 5.228245117680038e-05 0.0003285020837904639 0.46660727362840326 20110508877575.727 
196 0.5330095816699124 5.1470213005156624e-05 0.000324323484130218 0.46661462463295217 20110508877575.727 
197 0.5330073499202694 5.069572310408921e-05 0.00032033798038606104 0.46662161637624044 20110508877575.734 
198 0.5330052397590701 4.995713679783533e-05 0.0003165360646556556 0.46662826703947635 20110508877575.727 
199 0.5330032447516233 4.925270101232667e-05 0.00031290870178843567 0.466634593845576 20110508877575.73 
200 0.5330013588339535 4.858074974451978e-05 0.0003094473062308448 0.4666406131100711 20110508877575.742 
201 0.532999576290873 4.7939699756300955e-05 0.00030614372000540343 0.4666463402893652 20110508877575.66 
202 0.5329978917352525 4.732804648161434e-05 0.00030299019176683716 0.4666517900264992 20110508877575.734 
203 0.5329963000884465 4.67443601360484e-05 0.00029997935688144234 0.466656976194536 20110508877575.742 
204 0.5329947965618181 4.618728201865542e-05 0.00029710421847852555 0.4666619119376846 20110508877575.72 
205 0.5329933766392921 4.5655520996321764e-05 0.0002943581294254488 0.4666666097102861 20110508877575.797 
206 0.5329920360608917 4.5147850161478874e-05 0.0002917347751801715 0.4666710813137667 20110508877575.71 
207 0.5329907708072016 4.4663103654429606e-05 0.0002892281574775217 0.4666753379316663 20110508877575.746 
208 0.5329895770847347 4.420017364201395e-05 0.0002868325788077096 0.46667939016281534 20110508877575.754 
209 0.5329884513120958 4.3758007444743197e-05 0.00028454262764753663 0.4666832480528119 20110508877575.746 
210 0.5329873901069782 4.3335604804959076e-05 0.0002823531644068613 0.46668692112380994 20110508877575.746 
211 0.5329863902738985 4.2932015288940966e-05 0.0002802593080547333 0.4666904184027577 20110508877575.754 
212 0.5329854487926223 4.254633581625456e-05 0.0002782564233913517 0.4666937484481701 20110508877575.727 
213 0.5329845628073124 4.217770830998304e-05 0.00027634010893378026 0.46669691937544383 20110508877575.754 
214 0.5329837296162784 4.1825317461808665e-05 0.000274506185384927 0.46669993888087485 20110508877575.777 
215 0.5329829466623518 4.1488388606229566e-05 0.0002727506846568986 0.4667028142643851 20110508877575.73 
216 0.5329822115238219 4.116618569849002e-05 0.0002710698394212426 0.46670555245105844 20110508877575.7 
217 0.5329815219059534 4.085800939109356e-05 0.0002694600731600987 0.4667081600114953 20110508877575.78 
218 0.5329808756329791 4.056319520402748e-05 0.00026791799069354185 0.4667106431811234 20110508877575.75 
219 0.5329802706406055 4.028111178408918e-05 0.00026644036915972146 0.46671300787845077 20110508877575.734 
220 0.5329797049689877 4.001115924894798e-05 0.00026502414942565424 0.4667152597223376 20110508877575.76 
221 0.5329791767561258 3.975276761180041e-05 0.00026366642790761474 0.46671740404835477 20110508877575.703 
222 0.5329786842317011 3.950539528269798e-05 0.0002623644487812707 0.4667194459242349 20110508877575.715 
223 0.5329782257112895 3.926852764283282e-05 0.0002611155965627127 0.46672139016450487 20110508877575.74 
224 0.5329777995909519 3.904167568825772e-05 0.0002599173890425229 0.46672324134431725 20110508877575.77 
225 0.532977404342191 3.882437473970639e-05 0.00025876747055604175 0.4667250038125132 20110508877575.785 
226 0.5329770385072239 3.861618321534568e-05 0.0002576636055738393 0.4667266817039869 20110508877575.742 
227 0.5329767006945805 3.841668146346143e-05 0.000256603672597261 0.46672827895135893 20110508877575.71 
228 0.5329763895750043 3.82254706522334e-05 0.0002555856583447762 0.46672979929599884 20110508877575.816 
229 0.5329761038776271 3.804217171389152e-05 0.00025460765221555523 0.4667312462984435 20110508877575.754 
230 0.5329758423864058 3.786642434069394e-05 0.0002536678410174575 0.46673262334823595 20110508877575.73 
231 0.5329756039368173 3.769788603028707e-05 0.00025276450394730163 0.46673393367320504 20110508877575.75 
232 0.5329753874127973 3.7536231178133874e-05 0.00025189600781190703 0.4667351803482125 20110508877575.734 
233 0.5329751917438783 3.7381150214801996e-05 0.0002510608024789624 0.4667363663034278 20110508877575.734 
234 0.5329750159025403 3.72323487860221e-05 0.0002502574165474306 0.4667374943321262 20110508877575.75 
235 0.5329748589017795 3.7089546973514764e-05 0.0002494844532276115 0.4667385670980193 20110508877575.78 
236 0.532974719792839 3.6952478554687436e-05 0.0002487405864215495 0.4667395871421849 20110508877575.74 
237 0.532974597663106 3.6820890299385826e-05 0.00024802455699491396 0.46674055688959964 20110508877575.676 
238 0.5329744916341885 3.669454130197054e-05 0.0002473351692318595 0.4667414786552776 20110508877575.805 
239 0.5329744008601193 3.657320234707065e-05 0.00024667128746489294 0.4667423546500688 20110508877575.742 
240 0.53297432452572 3.64566553074308e-05 0.00024603183287194564 0.4667431869861005 20110508877575.734 
241 0.5329742618450846 3.634469257235358e-05 0.0002454157804334393 0.4667439776819096 20110508877575.76 
242 0.5329742120601775 3.623711650529125e-05 0.0002448221560422414 0.46674472866727484 20110508877575.715 
243 0.5329741744395458 3.6133738929211264e-05 0.00024425003375983586 0.4667454417877653 20110508877575.77 
244 0.5329741482771411 3.603438063842119e-05 0.00024369853321230489 0.46674611880900824 20110508877575.76 
245 0.5329741328912423 3.593887093558773e-05 0.00024316681711988758 0.46674676142070215 20110508877575.73 
246 0.5329741276234286 3.584704719274776e-05 0.00024265408895428943 0.4667473712404243 20110508877575.777 
247 0.5329741318376952 3.575875443515675e-05 0.00024215959071799298 0.4667479498171515 20110508877575.74 
248 0.5329741449195686 3.567384494686612e-05 0.00024168260084015712 0.4667484986346444 20110508877575.75 
249 0.532974166275364 3.5592177896975655e-05 0.00024122243218382955 0.46674901911455524 20110508877575.76 
250 0.532974195331441 3.5513618985548185e-05 0.0002407784301594296 0.4667495126194141 20110508877575.754 
251 0.5329742315335667 3.543804010821266e-05 0.00024034997093964628 0.46674998045538535 20110508877575.703 
252 0.5329742743462801 3.5365319038535964e-05 0.00023993645977105256 0.4667504238749103 20110508877575.78 
253 0.5329743232523478 3.529533912727174e-05 0.0002395373293779552 0.466750844079147 20110508877575.754 
254 0.532974377752231 3.5227989017635984e-05 0.00023915203845410404 0.4667512422202974 20110508877575.777 
255 0.5329744373636081 3.516316237580356e-05 0.00023878007023810146 0.466751619403778 20110508877575.73 
256 0.5329745016209075 3.510075763584707e-05 0.000238420931168473 0.466751976690288 20110508877575.715 
257 0.5329745700749059 3.5040677758375684e-05 0.00023807414961452374 0.46675231509772125 20110508877575.715 
258 0.5329746422923103 3.4982830002169463e-05 0.0002377392746792368 0.46675263560300834 20110508877575.71 
259 0.5329747178553984 3.4927125708132766e-05 0.00023741587507063638 0.4667529391438229 20110508877575.777 
260 0.5329747963616616 3.487348009491923e-05 0.00023710353803813838 0.46675322662020535 20110508877575.77 
261 0.5329748774234762 3.482181206561925e-05 0.00023680186837058036 0.4667534988960877 20110508877575.723 
262 0.5329749606677707 3.4772044024916896e-05 0.00023651048745273076 0.4667537568007515 20110508877575.773 
263 0.5329750457357298 3.472410170616482e-05 0.00023622903237721575 0.4667540011301868 20110508877575.758 
264 0.5329751322824983 3.467791400783866e-05 0.0002359571551089056 0.46675423264838517 20110508877575.793 
265 0.5329752199768948 3.463341283887067e-05 0.00023569452169897606 0.46675445208856736 20110508877575.723 
266 0.532975308501136 3.4590532972375915e-05 0.00023544081154587844 0.4667546601543458 20110508877575.695 
267 0.5329753975505652 3.45492119073177e-05 0.00023519571670071367 0.4667548575208268 20110508877575.703 
268 0.5329754868333842 3.450938973767207e-05 0.00023495894121444732 0.46675504483566344 20110508877575.75 
269 0.5329755760704081 3.4471009028683294e-05 0.00023473020052467304 0.4667552227200385 20110508877575.71 
270 0.5329756649947832 3.4434014699812124e-05 0.0002345092208796158 0.46675539176963726 20110508877575.746 
271 0.5329757533517605 3.439835391401049e-05 0.00023429573879723355 0.46675555255552836 20110508877575.715 
272 0.5329758408984231 3.43639759729622e-05 0.00023408950055737432 0.46675570562504654 20110508877575.73 
273 0.5329759274034447 3.4330832217963506e-05 0.00023389026172502018 0.4667558515026125 20110508877575.746 
274 0.5329760126468424 3.429887593611661e-05 0.00023369778670274206 0.4667559906905187 20110508877575.79 
275 0.5329760964197189 3.4268062271543016e-05 0.00023351184831063302 0.4667561236696989 20110508877575.754 
276 0.5329761785240219 3.423834814132822e-05 0.00023333222739197861 0.46675625090044476 20110508877575.742 
277 0.5329762587722817 3.42096921559296e-05 0.00023315871244313955 0.4667563728231192 20110508877575.785 
278 0.5329763369873881 3.4182054543793316e-05 0.0002329910992660784 0.46675648985880197 20110508877575.75 
279 0.5329764130023079 3.4155397079937915e-05 0.0002328291906421127 0.46675660240997 20110508877575.742 
280 0.5329764866598621 3.412968301827823e-05 0.00023267279602555129 0.46675671086109394 20110508877575.754 
281 0.5329765578124578 3.410487702747429e-05 0.00023252173125592004 0.4667568155792588 20110508877575.754 
282 0.5329766263218475 3.408094513010165e-05 0.00023237581828755956 0.4667569169147347 20110508877575.75 
283 0.5329766920588755 3.405785464495293e-05 0.00023223488493546697 0.46675701520154406 20110508877575.71 
284 0.5329767549032218 3.403557413228762e-05 0.00023209876463629943 0.46675711075800963 20110508877575.723 
285 0.5329768147431613 3.4014073341861145e-05 0.00023196729622351075 0.4667572038872733 20110508877575.72 
286 0.5329768714753059 3.399332316357313e-05 0.00023184032371569398 0.4667572948778148 20110508877575.723 
287 0.5329769250043465 3.397329558057907e-05 0.00023171769611719486 0.4667573840039557 20110508877575.76 
288 0.5329769752428303 3.39539636247298e-05 0.0002315992672301916 0.46675747152631486 20110508877575.77 
289 0.5329770221108703 3.393530133419682e-05 0.00023148489547741426 0.46675755769231814 20110508877575.74 
290 0.5329770655359344 3.39172837131619e-05 0.0002313744437347875 0.4667576427366178 20110508877575.777 
291 0.5329771054525804 3.3899886693449874e-05 0.00023126777917328867 0.4667577268815529 20110508877575.78 
292 0.532977141802216 3.388308709799309e-05 0.0002311647731093769 0.46675781033757663 20110508877575.742 
293 0.5329771745328465 3.386686260602137e-05 0.00023106530086336796 0.46675789330368406 20110508877575.727 
294 0.5329772035988486 3.385119171988051e-05 0.00023096924162522696 0.4667579759678062 20110508877575.69 
295 0.5329772289607171 3.383605373338183e-05 0.0002308764783271897 0.46675805850722246 20110508877575.746 
296 0.5329772505848314 3.3821428701602e-05 0.0002307868975227849 0.4667581410889442 20110508877575.742 
297 0.5329772684432275 3.3807297412043943e-05 0.0002307003892717389 0.4667582238700887 20110508877575.727 
298 0.5329772825133582 3.379364135708737e-05 0.00023061684703038044 0.4667583069982543 20110508877575.734 
299 0.5329772927778694 3.378044270765263e-05 0.00023053616754712018 0.4667583906118757 20110508877575.69 
300 0.532977299224377 3.376768428801277e-05 0.00023045825076264379 0.4667584748405723 20110508877575.754 
