0 0.9999768408360213 2.3159163978609963e-05 0.0 0.0 20110318036087.74 
1 0.9999821246847683 7.150126092709694e-06 9.259156091278741e-06 1.4660330477858009e-06 20110508877575.73 
2 0.99998028945554 4.201379157212748e-06 1.2302711923612571e-05 3.206453379057631e-06 20110508877575.75 
3 0.9999754297437708 4.140528972651377e-06 1.510190452938768e-05 5.327822727212497e-06 20110508877575.73 
4 0.9999689206580968 4.825845073485438e-06 1.8387469983339544e-05 7.866026846504627e-06 20110508877575.71 
5 0.9999609894104353 5.814493910231415e-06 2.233075010731939e-05 1.0865345547235917e-05 20110508877575.73 
6 0.9999515679604786 7.020377953618462e-06 2.70268260754459e-05 1.4384835492263716e-05 20110508877575.668 
7 0.9999404850890814 8.44224467472036e-06 3.257402638357322e-05 1.849863986037608e-05 20110508877575.76 
8 0.9999275144550752 1.0101192953128353e-05 3.908753944334347e-05 2.3296812528455938e-05 20110508877575.734 
9 0.9999123896539182 1.2025211381788706e-05 4.669940573356493e-05 2.888572896641343e-05 20110508877575.766 
10 0.9998948119421927 1.4244592380885782e-05 5.555550885440771e-05 3.538795657196467e-05 20110508877575.73 
11 0.9998744572342727 1.678967725957942e-05 6.581146018013233e-05 4.294162828757533e-05 20110508877575.734 
12 0.9998509846073229 1.9688841084025593e-05 7.762732452177522e-05 5.1699227071254135e-05 20110508877575.727 
13 0.9998240474217492 2.296619761577095e-05 9.11608086446159e-05 6.182557199032595e-05 20110508877575.723 
14 0.9997933076896391 2.6638937399940018e-05 0.00010655862377065216 7.349474919021754e-05 20110508877575.74 
15 0.9997584538899116 3.0714395154734296e-05 0.0001239459700650028 8.688574486860411e-05 20110508877575.746 
16 0.9997192218754739 3.5187084305834836e-05 0.0001434144309165957 0.0001021766093037039 20110508877575.715 
17 0.999675417817475 4.00360731563707e-05 0.00016500899474682578 0.00011953711462187337 20110508877575.684 
18 0.9996269413370242 4.5223192479550924e-05 0.00018871540431722298 0.00013912006617910545 20110508877575.688 
19 0.9995738062149792 5.069261961376704e-05 0.0002144494864556239 0.00016105167895155175 20110508877575.65 
20 0.9995161555429256 5.637233363070815e-05 0.0002420504144973951 0.00018542170894618663 20110508877575.746 
21 0.9994542681092713 6.217774533390168e-05 0.0002712798575674913 0.00021227428782741244 20110508877575.766 
22 0.9993885533842245 6.801747404584783e-05 0.0003018285576101184 0.0002416005841195038 20110508877575.79 
23 0.9993195337199478 7.380082164357543e-05 0.00033333101541359447 0.0002733344429951771 20110508877575.66 
24 0.9992478141534868 7.944608696905724e-05 0.0003653877643106255 0.0003073519952334407 20110508877575.824 
25 0.9991740421188801 8.488860031193375e-05 0.0003975934094412769 0.0003434758713668211 20110508877575.74 
26 0.9990988609592605 9.008734346605266e-05 0.0004295675399134614 0.00038148415736014013 20110508877575.797 
27 0.9990228619579196 9.502928459279131e-05 0.0004609850821100412 0.0004211236753776488 20110508877575.754 
28 0.9989465394839623 9.973102743546564e-05 0.0004916028102471974 0.00046212667835506904 20110508877575.72 
29 0.9988702528783154 0.00010423790485064844 0.0005212795100986081 0.0005042297067354009 20110508877575.63 
30 0.9987941972312654 0.00010862107961254474 0.0005499884649501444 0.0005471932241719182 20110508877575.79 
31 0.998718383640384 0.00011297344990991511 0.0005778221816201254 0.0005908207280859779 20110508877575.77 
32 0.9986426282139729 0.00011740518091885686 0.0006049903258430928 0.0006349762792652499 20110508877575.72 
33 0.998566548150693 0.0001220395584648564 0.0006318125422915472 0.0006795997485505841 20110508877575.777 
34 0.9984895626728726 0.00012700967390831834 0.000658708179580255 0.00072471947363875 20110508877575.73 
35 0.9984108963289103 0.00013245627141654658 0.0006861849960769932 0.0007704624035961178 20110508877575.797 
36 0.9983295821104651 0.00013852695356317255 0.0007148287872705297 0.0008170621487010236 20110508877575.727 
37 0.9982444618807378 0.00014537685201015504 0.0007452956368428784 0.0008648656304091266 20110508877575.695 
38 0.9981541817354558 0.00015317081628900368 0.0007783082137113609 0.000914339234543808 20110508877575.66 
39 0.9980571800853635 0.00016208714405660556 0.0008146572573694918 0.0009660755132104146 20110508877575.73 
40 0.9979516664292779 0.00017232286312347968 0.0008552091409441303 0.0010208015666545215 20110508877575.73 
41 0.997835588955142 0.0001841005743251599 0.000900920192185857 0.00107939027834682 20110508877575.773 
42 0.997706589244484 0.00019767687127926847 0.0009528582948143884 0.00114287558942234 20110508877575.7 
43 0.9975619424514314 0.0002133523654594833 0.0010122321868888152 0.001212472996220299 20110508877575.633 
44 0.9973984813724089 0.0002314833617630641 0.0010804288162474046 0.0012896064495807073 20110508877575.715 
45 0.9972125028077675 0.0002524952518628539 0.0011590591027516113 0.001375942837618095 20110508877575.746 
46 0.9969996545313794 0.00027689772217790755 0.0012500124920741288 0.001473435254368552 20110508877575.688 
47 0.9967548010200985 0.00030530191126380607 0.0013555207654935984 0.0015843763031440918 20110508877575.77 
48 0.9964718658521788 0.0003384396954840825 0.001478231690373446 0.0017114627619636623 20110508877575.742 
49 0.9961436483792123 0.0003771853247788234 0.001621293243682959 0.001857873052326048 20110508877575.777 
50 0.9957616119506959 0.00042257965963105124 0.0017884492895504228 0.0020273591001224995 20110508877575.63 
51 0.9953156406936997 0.000475857258434017 0.0019841476982184873 0.0022243543496478853 20110508877575.63 
52 0.9947937617233679 0.0005384765100040203 0.00221366189682133 0.0024540998698068662 20110508877575.74 
53 0.9941818298148676 0.000612152875458701 0.0024832266643532485 0.0027227906453204664 20110508877575.67 
54 0.9934631721598923 0.0006988950743265037 0.00280018853423349 0.003037744231547624 20110508877575.723 
55 0.9926181920262657 0.0008010437044187909 0.003173170356222505 0.0034075939130929333 20110508877575.754 
56 0.9916239320827415 0.0009213113198940841 0.003612248319909968 0.00384250827745453 20110508877575.645 
57 0.9904536009212589 0.0010628224270493674 0.0041291380249732145 0.004354438626718569 20110508877575.73 
58 0.98907606985816 0.0012291512461281937 0.004737384051862369 0.004957394843849301 20110508877575.734 
59 0.987455351203074 0.0014243545167547812 0.0054525451069565 0.005667749173214837 20110508877575.695 
60 0.9855500734724706 0.0016529961895863528 0.006292364461379667 0.00650456587656349 20110508877575.72 
61 0.9833129731260944 0.001920160582558836 0.0072769133570698245 0.007489952934276742 20110508877575.75 
62 0.9806904263420392 0.002231450346442338 0.008428693384324708 0.008649429927193815 20110508877575.64 
63 0.9776220491140316 0.0025929649380513134 0.009772682034115627 0.010012303913801453 20110508877575.71 
64 0.9740404020435343 0.003011253457942239 0.011336302268026628 0.011612042230497025 20110508877575.695 
65 0.9698708514961761 0.003493231781525566 0.013149289689108317 0.013486627033190132 20110508877575.68 
66 0.9650316650785212 0.004046047550166364 0.015243417331950719 0.01567887003936175 20110508877575.67 
67 0.9594344571409708 0.004676868946022346 0.017652017678364162 0.018236656234642584 20110508877575.742 
68 0.952985142732047 0.005392567513021364 0.020409217941195004 0.021213071813736623 20110508877575.703 
69 0.9455855915791203 0.0061992662379587015 0.023548786869966292 0.024666355312954736 20110508877575.73 
70 0.9371361788029829 0.00710173532169413 0.02710249124376321 0.028659594631559742 20110508877575.758 
71 0.9275393918416273 0.008102639713777511 0.031097887628521906 0.033260080816073345 20110508877575.72 
72 0.9167045693317412 0.009201670906451862 0.03555553287292396 0.03853822688888292 20110508877575.715 
73 0.9045537226599997 0.01039462580230625 0.040485680849959065 0.04456597068773502 20110508877575.754 
74 0.891028232528318 0.01167252475034219 0.045884635282465266 0.05141460743887459 20110508877575.76 
75 0.8760960275697721 0.01302088843883303 0.05173104171424079 0.05915204227715394 20110508877575.746 
76 0.8597586496499369 0.014419317146723966 0.05798251760017516 0.06783951560316408 20110508877575.715 
77 0.8420574175272494 0.015841527475125135 0.06457312197076973 0.07752793302685565 20110508877575.777 
78 0.8230777698837456 0.017255985825891343 0.07141222441005787 0.08825401988030512 20110508877575.69 
79 0.8029508712982459 0.01862721951008362 0.07838530481782659 0.10003660437384389 20110508877575.71 
80 0.7818517602667193 0.019917782297700633 0.08535706349723282 0.11287339393834711 20110508877575.715 
81 0.7599937191943099 0.02109071834699267 0.09217693728043645 0.12673862517826087 20110508877575.715 
82 0.7376190957171318 0.02211224173161894 0.09868673871571111 0.14158192383553816 20110508877575.73 
83 0.71498738451581 0.022954269134321085 0.10472974191530332 0.15732860443456553 20110508877575.727 
84 0.6923618446004741 0.023596441133667444 0.11016023126403622 0.173881483001822 20110508877575.74 
85 0.6699961577492668 0.024027349671111815 0.11485239494598623 0.1911240976336351 20110508877575.766 
86 0.6481225740601999 0.02424483502520597 0.1187075259342511 0.20892506498034308 20110508877575.742 
87 0.6269426685383074 0.02425538412317152 0.12165876970034889 0.22714317763817204 20110508877575.734 
88 0.6066213454086539 0.02407280789546825 0.12367305817895358 0.24563278851692427 20110508877575.715 
89 0.5872842022891313 0.023716465004741723 0.12475029448058295 0.26424903822554396 20110508877575.773 
90 0.5690179194848798 0.023209320609574955 0.12492020988864323 0.28285255001690196 20110508877575.773 
91 0.5518730419088382 0.02257609129521861 0.12423754347791663 0.30131332331802657 20110508877575.758 
92 0.535868391328922 0.021841653852870055 0.12277627737276195 0.319513677445446 20110508877575.742 
93 0.520996361105393 0.021029811975522693 0.1206236162786759 0.33735021064040827 20110508877575.74 
94 0.507228457710187 0.020162441360956615 0.1178742694315434 0.35473483149731294 20110508877575.727 
95 0.4945206128355072 0.01925898109020859 0.11462542277602253 0.3715949832982617 20110508877575.758 
96 0.4828179557457189 0.018336209672876667 0.11097261815337607 0.3878732164280282 20110508877575.73 
97 0.4720588811456119 0.017408234198033348 0.10700661051997093 0.40352627413638376 20110508877575.723 
98 0.4621783606423037 0.01648662448824639 0.10281116603622968 0.41852384883322025 20110508877575.703 
99 0.4531105237169545 0.015580634925161051 0.09846169479390267 0.4328471465639817 20110508877575.734 
100 0.4447905810811402 0.014697469948494959 0.09402457680322197 0.4464873721671428 20110508877575.74 
101 0.43715618617274515 0.013842562087411976 0.0895570304497375 0.4594442212901054 20110508877575.727 
102 0.4301483365015008 0.013019842219319299 0.08510738041432622 0.4717244408648537 20110508877575.75 
103 0.4237119118125773 0.012231990075237578 0.08071559966179065 0.4833404984503946 20110508877575.766 
104 0.4177959354109651 0.011480658948632837 0.07641402195823513 0.4943093836821669 20110508877575.754 
105 0.41235363186684365 0.010766672524359734 0.07222814369253983 0.5046515519162568 20110508877575.734 
106 0.40734234088170834 0.010090194205500716 0.06817745429277505 0.514390010620016 20110508877575.707 
107 0.40272333459834686 0.009450870716675266 0.06427625212257329 0.5235495425624047 20110508877575.785 
108 0.3984615747057367 0.008847952455627167 0.06053441706306294 0.5321560557755732 20110508877575.727 
109 0.39452543652880867 0.00828039331176267 0.05695812214800591 0.5402360480114228 20110508877575.707 
110 0.3908864198638142 0.0077469326524391875 0.05355047498455841 0.5478161724991882 20110508877575.746 
111 0.3875188604540658 0.007246162015105857 0.050312085718865966 0.5549228918119624 20110508877575.74 
112 0.384399651475243 0.006776578811305016 0.04724156246190675 0.5615822072515454 20110508877575.69 
113 0.3815079809827341 0.006336629092250939 0.04433593780302296 0.567819452121992 20110508877575.83 
114 0.3788250887487327 0.005924741170796401 0.0415910316704701 0.5736591384100006 20110508877575.71 
115 0.37633404409482546 0.005539351654451585 0.039001756646742367 0.5791248476039805 20110508877575.758 
116 0.3740195450466465 0.005178925224888834 0.03656237214479182 0.5842391575836728 20110508877575.67 
117 0.3718677382710479 0.0048419693030521405 0.03426669377788022 0.5890235986480196 20110508877575.637 
118 0.3698660586988714 0.004527044565428522 0.032108263943753386 0.5934986327919467 20110508877575.707 
119 0.3680030874060829 0.0042327721249527635 0.03008048918987808 0.5976836512790862 20110508877575.703 
120 0.36626842615951666 0.0039578380576788565 0.02817674939950149 0.601596986383303 20110508877575.72 
121 0.36465258698208075 0.0037009958418995374 0.026390483285885058 0.6052559338901345 20110508877575.777 
122 0.3631468951196487 0.003461067177976493 0.02471525413607765 0.6086767835662973 20110508877575.793 
123 0.36174340387004866 0.003236941573013285 0.02314479922633038 0.6118748553306077 20110508877575.777 
124 0.3604348198440567 0.0030275750030244247 0.0216730658507936 0.6148645393021253 20110508877575.74 
125 0.3592144373537717 0.002831987904913993 0.020294236469657518 0.6176593382716569 20110508877575.74 
126 0.358076080755365 0.0026492626999876363 0.01900274509459567 0.6202719114500517 20110508877575.773 
127 0.3570140537036357 0.002478541008609214 0.017793286687746976 0.6227141186000082 20110508877575.746 
128 0.35602309440026453 0.0023190206808168705 0.01666082105328721 0.6249970638656315 20110508877575.76 
129 0.35509833603358704 0.002169952739189087 0.01560057244463989 0.627131138782584 20110508877575.688 
130 0.3542352717132595 0.0020306383070540384 0.014608025891744994 0.6291260640879415 20110508877575.773 
131 0.35342972329794925 0.0019004255764377247 0.01367892106755309 0.63099093005806 20110508877575.727 
132 0.3526778135979883 0.001778706855205416 0.012809244357054259 0.632734235189752 20110508877575.793 
133 0.3519759415085497 0.0016649157210323834 0.011995219661901592 0.6343639231085162 20110508877575.688 
134 0.35132075969268517 0.0015585243005875708 0.011233298365519706 0.6358874176412076 20110508877575.777 
135 0.35070915448876605 0.0014590406851572675 0.010520148794307243 0.6373116560317694 20110508877575.73 
136 0.3501382277639772 0.0013660064884729796 0.009852645437265634 0.6386431203102844 20110508877575.793 
137 0.3496052804760266 0.0012789945484077095 0.009227858126619632 0.639887866848946 20110508877575.785 
138 0.3491077977393611 0.0011976067711836184 0.008643041333510295 0.641051554155945 20110508877575.758 
139 0.34864343522142505 0.0011214721145673785 0.008095623693764384 0.6421394689702431 20110508877575.72 
140 0.34821000671896946 0.0010502447050273248 0.007583197847432661 0.6431565507285706 20110508877575.79 
141 0.34780547278534435 0.0009836020828375583 0.007103510650887021 0.6441074144809311 20110508877575.79 
142 0.34742793029717844 0.0009212435685172132 0.006654453800593653 0.6449963723337105 20110508877575.78 
143 0.34707560286389977 0.0008628887436918102 0.00623405489228418 0.6458274535001244 20110508877575.688 
144 0.34674683199583467 0.0008082760393784891 0.005840468927301599 0.6466044230374852 20110508877575.785 
145 0.3464400689575854 0.0007571614247725928 0.005471970268755244 0.6473307993488867 20110508877575.71 
146 0.3461538672422219 0.0007093171897976234 0.005126945043203801 0.6480098705247767 20110508877575.715 
147 0.3458868756095902 0.0006645308149434834 0.004803883978472367 0.648644709596994 20110508877575.71 
148 0.34563783163863854 0.0006226039222272486 0.004501375664503024 0.6492381887746312 20110508877575.734 
149 0.34540555574926946 0.0005833513014496587 0.004218100221561254 0.6497929927277196 20110508877575.74 
150 0.34518894565405867 0.0005466000062715755 0.003952823358413384 0.6503116309812563 20110508877575.805 
151 0.34498697120440686 0.0005121885149881366 0.003704390802070261 0.6507964494785345 20110508877575.816 
152 0.344798669599257 0.0004799659512255556 0.003471723080190972 0.6512496413693264 20110508877575.742 
153 0.34462314092774043 0.00044979136012195174 0.0032538106371422077 0.6516732570749955 20110508877575.7 
154 0.3444595440197881 0.0004215330358746742 0.0030497092649064694 0.6520692136794307 20110508877575.812 
155 0.34430709258127934 0.00039506789684116994 0.0028585358304509816 0.6524393036914286 20110508877575.727 
156 0.34416505159228516 0.00037028090466647423 0.002679464281743835 0.6527852032213046 20110508877575.73 
157 0.3440327339490431 0.00034706452417827653 0.0025117219152889876 0.6531084796114897 20110508877575.805 
158 0.34390949733179954 0.00032531822103958595 0.002354585888804148 0.6534105985583566 20110508877575.77 
159 0.3437947412822914 0.0003049479943804372 0.002207379963462003 0.6536929307598662 20110508877575.734 
160 0.34368790447590547 0.00028586594184410905 0.002069471460928984 0.6539567581213214 20110508877575.76 
161 0.34358846217482153 0.00026798985468113896 0.0019402684212511238 0.6542032795492461 20110508877575.766 
162 0.3434959238494366 0.00025124284070673626 0.0018192169484418958 0.6544336163614147 20110508877575.785 
163 0.34340983095651306 0.00023555297310529473 0.0017057987314120927 0.6546488173389695 20110508877575.715 
164 0.3433297548631792 0.00022085296322031067 0.0015995287286401246 0.6548498634449603 20110508877575.78 
165 0.3432552949069325 0.00020707985561040405 0.001499953005710096 0.6550376722317469 20110508877575.73 
166 0.3431860765823701 0.00019417474378293894 0.0014066467155383357 0.6552131019583087 20110508877575.67 
167 0.3431217498461246 0.0001820825051371746 0.0013192122117695983 0.6553769554369686 20110508877575.754 
168 0.3430619875321327 0.0001707515537595377 0.0012372772864475035 0.6555299836276602 20110508877575.777 
169 0.34300648386980187 0.00016013360981544748 0.001160493523652092 0.6556728889967306 20110508877575.766 
170 0.34295495309833146 0.00015018348437577294 0.0010885347613510104 0.6558063286559418 20110508877575.758 
171 0.34290712817078944 0.00014085887860224356 0.0010210956542298754 0.6559309172963785 20110508877575.715 
172 0.34286275954203954 0.00013212019629544399 0.0009578903307545629 0.6560472299309106 20110508877575.75 
173 0.34282161403503936 0.0001239303688821751 0.0008986511381730154 0.6561558044579053 20110508877575.742 
174 0.34278347378036034 0.00011625469198627734 0.0008431274695904064 0.6562571440580629 20110508877575.75 
175 0.34274813522416225 0.00010906067278910538 0.0007910846676484921 0.6563517194354002 20110508877575.72 
176 0.34271540820016805 0.0001023178874431438 0.0007423029997111407 0.6564399709126777 20110508877575.777 
177 0.34268511506149657 9.599784785507125e-05 0.0006965766998036229 0.6565223103908446 20110508877575.71 
178 0.34265708986844423 9.00738772033889e-05 0.0006537130728756111 0.6565991231814768 20110508877575.664 
179 0.3426311776286124 8.452099360081775e-05 0.0006135316572583566 0.6566707697205284 20110508877575.746 
180 0.3426072335860145 7.931580135333354e-05 0.0005758634414656087 0.6567375871711666 20110508877575.74 
181 0.34258512255596857 7.443638930621506e-05 0.0005405501317490474 0.6567998909229761 20110508877575.785 
182 0.342564718302867 6.98622358031922e-05 0.0005074434670609403 0.6568579759942689 20110508877575.758 
183 0.3425459029580087 6.557411981771324e-05 0.00047640457830277745 0.6569121183438708 20110508877575.79 
184 0.34252856647498264 6.155403784597788e-05 0.0004473033889488753 0.6569625760982225 20110508877575.72 
185 0.34251260612013174 5.778512617966942e-05 0.00042001805432952447 0.6570095906993592 20110508877575.8 
186 0.34249792599587614 5.425158820261037e-05 0.0003944344370406771 0.6570533879788806 20110508877575.727 
187 0.34248443659477257 5.093862637988441e-05 0.0003704456161165881 0.6570941791627309 20110508877575.707 
188 0.342472054382353 4.783237863060754e-05 0.0003479514277601542 0.6571321618112562 20110508877575.66 
189 0.34246070140686613 4.491985879648752e-05 0.0003268580355725433 0.6571675206987647 20110508877575.707 
190 0.3424503049342302 4.218890093779304e-05 0.0003070775283610101 0.6572004286364711 20110508877575.668 
191 0.3424407971065581 3.962810720647767e-05 0.0002885275437313027 0.6572310472425041 20110508877575.73 
192 0.34243211462275125 3.7226799063005534e-05 0.00027113091579025067 0.6572595276623955 20110508877575.816 
193 0.34242419843974387 3.497497161908639e-05 0.0002548153453947008 0.6572860112432424 20110508877575.754 
194 0.34241699349306637 3.2863250903069744e-05 0.00023951309148659625 0.6573106301645438 20110508877575.703 
195 0.34241044843551116 3.088285385829259e-05 0.00022516068215009918 0.6573335080284805 20110508877575.797 
196 0.34240451539270444 2.9025550897277073e-05 0.000211698644116559 0.6573547604122817 20110508877575.688 
197 0.3423991497345443 2.7283630846396486e-05 0.00019907124952679738 0.6573744953850825 20110508877575.727 
198 0.34239430986142205 2.564986812657958e-05 0.0001872262788383956 0.657392813991613 20110508877575.81 
199 0.34238995700436103 2.4117492025776214e-05 0.00017611479883835574 0.6574098107047749 20110508877575.74 
200 0.34238605503808944 2.2680157928415157e-05 0.00016569095478960835 0.6574255738491925 20110508877575.793 
201 0.3423825703062928 2.133192037592051e-05 0.00015591177580320806 0.6574401859975282 20110508877575.67 
202 0.34237947145820746 2.0067207840595066e-05 0.0001467369925872069 0.6574537243413648 20110508877575.703 
203 0.3423767292958643 1.8880799102883032e-05 0.00013812886677852193 0.6574662610382542 20110508877575.656 
204 0.34237431663126416 1.776780112917728e-05 0.0001300520311156071 0.657477863536491 20110508877575.72 
205 0.3423722081528764 1.6723628354049977e-05 0.00012247333975795905 0.6574885948790116 20110508877575.758 
206 0.34237038030083444 1.5743983277020943e-05 0.00011536172810340768 0.657498513987785 20110508877575.7 
207 0.34236881115027773 1.482483828980827e-05 0.00010868808149616439 0.6575076759299362 20110508877575.758 
208 0.34236748030232816 1.3962418655459324e-05 0.00010242511225784604 0.6575161321667585 20110508877575.816 
209 0.3423663687821746 1.3153186565831537e-05 9.654724451030985e-05 0.6575239307867493 20110508877575.754 
210 0.34236545894385434 1.2393826208649107e-05 9.103050629340636e-05 0.6575311167236436 20110508877575.74 
211 0.3423647343812306 1.168122977979591e-05 8.585242851275686e-05 0.6575377319604769 20110508877575.74 
212 0.34236417984485484 1.1012484380643843e-05 8.099195028256616e-05 0.6575438157204818 20110508877575.727 
213 0.3423637811642448 1.0384859744093828e-05 7.642933025642547e-05 0.6575494046457546 20110508877575.688 
214 0.34236352517528673 9.795796736622429e-06 7.214606356521598e-05 0.6575545329644114 20110508877575.72 
215 0.34236339965239954 9.242896587010067e-06 6.812480400564041e-05 0.6575592326470079 20110508877575.773 
216 0.3423633932451836 8.723910795589542e-06 6.434929114575323e-05 0.6575635335528752 20110508877575.746 
217 0.34236349541920236 8.236731680808371e-06 6.0804282035227715e-05 0.6575674635670816 20110508877575.727 
218 0.34236369640071873 7.779383522665868e-06 5.7475487228074294e-05 0.6575710487285306 20110508877575.78 
219 0.3423639871250323 7.350014265167522e-06 5.434951084420194e-05 0.6575743133498584 20110508877575.77 
220 0.34236435918826624 6.946887742358887e-06 5.1413794413693455e-05 0.6575772801295776 20110508877575.758 
221 0.34236480480231873 6.568376394763779e-06 4.865656426402264e-05 0.6575799702570225 20110508877575.676 
222 0.342365316752804 6.212954445164519e-06 4.606678222572017e-05 0.6575824035105252 20110508877575.67 
223 0.34236588835979304 5.879191504643685e-06 4.363409944630994e-05 0.657584598349256 20110508877575.78 
224 0.34236651344114755 5.56574658165715e-06 4.1348813115735494e-05 0.657586571999155 20110508877575.74 
225 0.3423671862782754 5.2713624686412716e-06 3.920182591900129e-05 0.657588340533337 20110508877575.723 
226 0.3423679015842095 4.99486048227954e-06 3.7184608043504396e-05 0.6575899189472647 20110508877575.75 
227 0.3423686544737625 4.73513553506947e-06 3.528916157947915e-05 0.6575913212291229 20110508877575.707 
228 0.3423694404356999 4.491151517253156e-06 3.350798716226272e-05 0.6575925604256206 20110508877575.67 
229 0.3423702553067693 4.261936969501789e-06 3.183405271468892e-05 0.6575936487035464 20110508877575.742 
230 0.34237109524745785 4.046581027991135e-06 3.0260764156922074e-05 0.6575945974073572 20110508877575.746 
231 0.3423719567193726 3.8442296246673005e-06 2.878193795945636e-05 0.6575954171130433 20110508877575.78 
232 0.34237283646416 3.6540819265944356e-06 2.7391775422893734e-05 0.6575961176784905 20110508877575.715 
233 0.34237373148379074 3.475386999295803e-06 2.6084838575492404e-05 0.6575967082906344 20110508877575.8 
234 0.3423746390222376 3.3074406799561487e-06 2.485602758638574e-05 0.6575971975094961 20110508877575.76 
235 0.3423755565483204 3.149582647246409e-06 2.3700559598836867e-05 0.6575975933094333 20110508877575.773 
236 0.34237648173976637 3.0011936753728044e-06 2.2613948893961986e-05 0.6575979031176643 20110508877575.715 
237 0.34237741246830417 2.8616930607333593e-06 2.1591988301010112e-05 0.657598133850334 20110508877575.793 
238 0.34237834678579093 2.730536210302426e-06 2.0630731775613525e-05 0.6575982919462233 20110508877575.68 
239 0.3423792829112624 2.607212381549859e-06 1.9726478072378337e-05 0.6575983833982837 20110508877575.74 
240 0.3423802192188918 2.4912425643472693e-06 1.8875755442861415e-05 0.657598413783101 20110508877575.734 
241 0.34238115422672394 2.382177495915855e-06 1.8075307294317503e-05 0.6575983882884859 20110508877575.76 
242 0.34238208658622915 2.2795958004365533e-06 1.732207874870513e-05 0.6575983117392218 20110508877575.734 
243 0.34238301507251523 2.1831022454714097e-06 1.661320404524785e-05 0.657598188621194 20110508877575.75 
244 0.34238393857527327 2.0923261078420035e-06 1.5945994733440018e-05 0.6575980231038854 20110508877575.707 
245 0.34238485609026614 2.006919642073907e-06 1.5317928606734472e-05 0.6575978190614851 20110508877575.766 
246 0.34238576671148796 1.926556644951865e-06 1.472663933029539e-05 0.657597580092537 20110508877575.73 
247 0.3423866696237804 1.850931110137253e-06 1.4169906719139142e-05 0.6575973095383904 20110508877575.707 
248 0.3423875640960422 1.779755967181096e-06 1.36456476257456e-05 0.6575970105003647 20110508877575.773 
249 0.34238844947482866 1.7127618996236603e-06 1.3151907398801114e-05 0.6575966858558729 20110508877575.727 
250 0.3423893251784533 1.6496962372055311e-06 1.2686851877154538e-05 0.6575963382734324 20110508877575.824 
251 0.34239019069147486 1.5903219175300752e-06 1.2248759885334473e-05 0.6575959702267223 20110508877575.78 
252 0.3423910455595725 1.5344165128095224e-06 1.183601619909313e-05 0.6575955840077156 20110508877575.71 
253 0.3423918893847841 1.481771317603437e-06 1.1447104951435379e-05 0.6575951817389468 20110508877575.723 
254 0.34239272182106323 1.432190493715269e-06 1.1080603451450797e-05 0.6575947653849916 20110508877575.742 
255 0.34239354257017174 1.3854902686547181e-06 1.0735176390011631e-05 0.6575943367631696 20110508877575.81 
256 0.3423943513778628 1.3414981842997933e-06 1.0409570408032272e-05 0.6575938975535448 20110508877575.75 
257 0.3423951480302888 1.3000523926044643e-06 1.0102609004520969e-05 0.6575934493083141 20110508877575.723 
258 0.34239593235073307 1.2610009953963542e-06 9.813187763082689e-06 0.6575929934605085 20110508877575.742 
259 0.34239670419652213 1.2242014254953718e-06 9.540269876881991e-06 0.6575925313321754 20110508877575.69 
260 0.34239746345617794 1.1895198665578638e-06 9.28288195332726e-06 0.657592064142002 20110508877575.777 
261 0.3423982100467905 1.156830709214897e-06 9.040110080923809e-06 0.6575915930124194 20110508877575.777 
262 0.3423989439115377 1.1260160412259235e-06 8.811096141841142e-06 0.6575911189762793 20110508877575.707 
263 0.34239966501743446 1.0969651695125905e-06 8.59503435478141e-06 0.6575906429830413 20110508877575.66 
264 0.3424003733532029 1.0695741720717672e-06 8.391168033700735e-06 0.6575901659045913 20110508877575.72 
265 0.34240106892734457 1.0437454778928402e-06 8.198786548848215e-06 0.6575896885406287 20110508877575.7 
266 0.3424017517662917 1.0193874731220781e-06 8.017222477434546e-06 0.6575892116237576 20110508877575.777 
267 0.34240242191276477 9.964141318276215e-07 7.845848932043584e-06 0.6575887358241712 20110508877575.734 
268 0.3424030794241973 9.747446698219605e-07 7.684077055645769e-06 0.6575882617540773 20110508877575.75 
269 0.3424037243713025 9.54303220095987e-07 7.5313536727726136e-06 0.6575877899718046 20110508877575.74 
270 0.3424043568367603 9.350185285094313e-07 7.387159087068813e-06 0.6575873209856242 20110508877575.72 
271 0.34240497691396393 9.168236684678321e-07 7.251005016051757e-06 0.6575868552573516 20110508877575.754 
272 0.3424055847059 8.996557733959059e-07 7.122432654485803e-06 0.6575863932056722 20110508877575.78 
273 0.3424061803240955 8.834557858920349e-07 7.001010858318344e-06 0.6575859352092605 20110508877575.793 
274 0.3424067638876646 8.681682225185613e-07 6.886334441628955e-06 0.6575854816096712 20110508877575.727 
275 0.3424073355223855 8.537409532484611e-07 6.778022579519224e-06 0.6575850327140819 20110508877575.73 
276 0.3424078953599064 8.401249946501932e-07 6.6757173103133495e-06 0.6575845887977887 20110508877575.734 
277 0.34240844353698463 8.27274315950579e-07 6.579082130856613e-06 0.6575841501065686 20110508877575.777 
278 0.34240898019477634 8.151456571690798e-07 6.487800679088058e-06 0.6575837168588873 20110508877575.746 
279 0.3424095054782057 8.036983585681229e-07 6.4015754984300425e-06 0.6575832892479373 20110508877575.75 
280 0.3424100195353802 7.928942007108614e-07 6.320126878879422e-06 0.6575828674435403 20110508877575.73 
281 0.34241052251703685 7.826972544628724e-07 6.243191770006046e-06 0.6575824515939386 20110508877575.73 
282 0.342411014576068 7.730737403154571e-07 6.1705227613642686e-06 0.6575820418274304 20110508877575.758 
283 0.3424114958670428 7.639918964475804e-07 6.10188712610716e-06 0.6575816382539346 20110508877575.773 
284 0.3424119665458146 7.55421854979831e-07 6.037065923853769e-06 0.6575812409664065 20110508877575.69 
285 0.3424124267691273 7.473355259083546e-07 5.975853159111302e-06 0.6575808500421877 20110508877575.78 
286 0.342412876694281 7.397064882385163e-07 5.918054991782446e-06 0.657580465544239 20110508877575.734 
287 0.34241331647880613 7.32509887868416e-07 5.8634889965076744e-06 0.6575800875223096 20110508877575.777 
288 0.34241374628019505 7.25722341800494e-07 5.811983467795349e-06 0.6575797160139955 20110508877575.74 
289 0.34241416625561677 7.193218482859158e-07 5.763376768083002e-06 0.6575793510457669 20110508877575.727 
290 0.34241457656170404 7.132877025311749e-07 5.717516716052938e-06 0.6575789926338773 20110508877575.73 
291 0.3424149773543263 7.076004176197643e-07 5.674260012691931e-06 0.6575786407852433 20110508877575.73 
292 0.34241536878841256 7.022416503231884e-07 5.633471702743244e-06 0.6575782954982345 20110508877575.652 
293 0.34241575101776683 6.971941314962957e-07 5.595024669344668e-06 0.6575779567634323 20110508877575.7 
294 0.3424161241949166 6.924416007710257e-07 5.558799159786639e-06 0.6575776245643228 20110508877575.754 
295 0.3424164884709854 6.879687452802495e-07 5.524682340451418e-06 0.6575772988779289 20110508877575.742 
296 0.342416843995555 6.837611421605544e-07 5.492567879117382e-06 0.6575769796754237 20110508877575.7 
297 0.34241719091656636 6.798052045984587e-07 5.4623555529253455e-06 0.6575766669226761 20110508877575.742 
298 0.34241752938022485 6.760881311991042e-07 5.433950880410582e-06 0.6575763605807635 20110508877575.684 
299 0.34241785953091297 6.725978584705146e-07 5.407264776103502e-06 0.6575760606064526 20110508877575.73 
300 0.3424181815111231 6.693230162294693e-07 5.382213226296559e-06 0.6575757669526343 20110508877575.76 
301 0.3424184954613911 6.662528857469423e-07 5.358716984661492e-06 0.6575754795687385 20110508877575.73 
302 0.3424188015202436 6.633773604627279e-07 5.336701286484136e-06 0.6575751984011096 20110508877575.746 
303 0.34241909982416435 6.606869091094099e-07 5.316095580360421e-06 0.6575749233933462 20110508877575.688 
304 0.3424193905075399 6.581725410957826e-07 5.296833276269968e-06 0.6575746544866427 20110508877575.723 
305 0.3424196737026481 6.558257740093407e-07 5.2788515090112255e-06 0.657574391620069 20110508877575.746 
306 0.3424199495396245 6.53638603106053e-07 5.262090916044838e-06 0.6575741347308564 20110508877575.734 
307 0.3424202181464491 6.516034726641139e-07 5.2464954288524535e-06 0.6575738837546495 20110508877575.758 
308 0.3424204796489421 6.497132490858018e-07 5.23201207697395e-06 0.6575736386257319 20110508877575.766 
309 0.34242073417075264 6.479611956391061e-07 5.218590803936902e-06 0.6575733992772478 20110508877575.684 
310 0.3424209818333455 6.463409487372299e-07 5.2061842943426174e-06 0.6575731656414114 20110508877575.79 
311 0.3424212227560387 6.448464956608584e-07 5.1947478114192494e-06 0.6575729376496541 20110508877575.75 
312 0.3424214570559716 6.434721536335047e-07 5.184239044392669e-06 0.6575727152328303 20110508877575.77 
313 0.3424216848481419 6.422125501664e-07 5.174617965071076e-06 0.6575724983213428 20110508877575.75 
314 0.34242190624541174 6.410626045941499e-07 5.165846693071879e-06 0.6575722868452906 20110508877575.742 
315 0.342422121358511 6.400175107276267e-07 5.157889369158698e-06 0.6575720807346092 20110508877575.777 
316 0.3424223302960844 6.390727205549793e-07 5.150712036188155e-06 0.6575718799191588 20110508877575.676 
317 0.34242253316468574 6.38223928925933e-07 5.144282527196614e-06 0.6575716843288583 20110508877575.688 
318 0.34242273006881613 6.374670591588679e-07 5.138570360188063e-06 0.6575714938937646 20110508877575.8 
319 0.34242292111094474 6.367982495135771e-07 5.133546639210213e-06 0.6575713085441666 20110508877575.77 
320 0.34242310639154433 6.362138404763805e-07 5.1291839613314665e-06 0.6575711282106539 20110508877575.652 
321 0.34242328600910066 6.357103628076329e-07 5.125456329157744e-06 0.6575709528242073 20110508877575.71 
322 0.3424234600601602 6.352845263047064e-07 5.1223390685476e-06 0.6575707823162448 20110508877575.805 
323 0.34242362863935505 6.349332092363651e-07 5.119808751207632e-06 0.6575706166186844 20110508877575.734 
324 0.3424237918394316 6.346534484074254e-07 5.1178431218687165e-06 0.6575704556639982 20110508877575.71 
325 0.342423949751288 6.34442429814948e-07 5.116421029763307e-06 0.6575702993852527 20110508877575.773 
326 0.3424241024640042 6.342974798598617e-07 5.115522364140734e-06 0.657570147716152 20110508877575.766 
327 0.34242425006487537 6.342160570798025e-07 5.115127993573271e-06 0.657570000591074 20110508877575.758 
328 0.34242439263945573 6.34195744371567e-07 5.115219708823128e-06 0.6575698579450912 20110508877575.797 
329 0.3424245302715763 6.342342416731042e-07 5.1157801690527995e-06 0.657569719714013 20110508877575.82 
330 0.3424246630434012 6.343293590771977e-07 5.116792851175568e-06 0.6575695858343885 20110508877575.754 
331 0.3424247910354334 6.344790103504602e-07 5.118242002155921e-06 0.6575694562435541 20110508877575.758 
332 0.3424249143265875 6.346812068331388e-07 5.1201125940813356e-06 0.6575693308796117 20110508877575.684 
333 0.342425032994199 6.349340516965324e-07 5.122390281837304e-06 0.6575692096814675 20110508877575.758 
334 0.3424251471140676 6.352357345365437e-07 5.12506136322921e-06 0.6575690925888346 20110508877575.7 
335 0.34242525676049584 6.355845262828922e-07 5.128112741403376e-06 0.6575689795422366 20110508877575.797 
336 0.3424253620063171 6.359787744052186e-07 5.13153188942973e-06 0.657568870483019 20110508877575.727 
337 0.34242546292294 6.364168983979825e-07 5.135306816915353e-06 0.6575687653533447 20110508877575.75 
338 0.34242555958038184 6.36897385527705e-07 5.13942603852996e-06 0.6575686640961941 20110508877575.688 
339 0.3424256520473009 6.374187868266976e-07 5.143878544326553e-06 0.6575685666553681 20110508877575.734 
340 0.34242574039102874 6.379797133187291e-07 5.148653771753451e-06 0.6575684729754862 20110508877575.71 
341 0.34242582467761384 6.385788324628049e-07 5.1537415792554665e-06 0.6575683830019744 20110508877575.76 
342 0.34242590497185443 6.39214864802166e-07 5.159132221372281e-06 0.6575682966810594 20110508877575.773 
343 0.3424259813373169 6.398865808064302e-07 5.164816325244677e-06 0.657568213959777 20110508877575.773 
344 0.34242605383639546 6.405927978955573e-07 5.170784868447636e-06 0.6575681347859381 20110508877575.72 
345 0.34242612253032695 6.413323776349661e-07 5.177029158072191e-06 0.6575680591081374 20110508877575.79 
346 0.34242618747922954 6.421042230919545e-07 5.183540810984282e-06 0.6575679868757364 20110508877575.73 
347 0.3424262487421346 6.42907276343918e-07 5.190311735192577e-06 0.657567918038854 20110508877575.785 
348 0.34242630637702176 6.43740516129835e-07 5.197334112261731e-06 0.6575678525483499 20110508877575.734 
349 0.3424263604408543 6.44602955636654e-07 5.2046003807120136e-06 0.6575677903558094 20110508877575.703 
350 0.34242641098958776 6.454936404129728e-07 5.212103220348812e-06 0.6575677314135515 20110508877575.734 
351 0.3424264580782388 6.464116464028315e-07 5.219835537470672e-06 0.6575676756745774 20110508877575.707 
352 0.3424265017608828 6.473560780928225e-07 5.227790450905962e-06 0.6575676230925882 20110508877575.727 
353 0.34242654209069645 6.483260667662254e-07 5.235961278833345e-06 0.6575675736219581 20110508877575.727 
354 0.3424265791199944 6.49320768858251e-07 5.244341526341899e-06 0.6575675272177104 20110508877575.72 
355 0.3424266129002448 6.503393644067675e-07 5.2529248736919396e-06 0.6575674838355171 20110508877575.742 
356 0.34242664348210883 6.513810555934542e-07 5.261705165237919e-06 0.6575674434316702 20110508877575.688 
357 0.3424266709154555 6.52445065370291e-07 5.270676398978102e-06 0.65756740596308 20110508877575.777 
358 0.3424266952494127 6.53530636167017e-07 5.2798327166989635e-06 0.6575673713872344 20110508877575.74 
359 0.342426716532361 6.546370286751079e-07 5.289168394681464e-06 0.6575673396622156 20110508877575.754 
360 0.34242673481200014 6.557635207043282e-07 5.298677834942055e-06 0.6575673107466443 20110508877575.734 
361 0.3424267501353349 6.5690940610807e-07 5.308355556980229e-06 0.6575672845997019 20110508877575.7 
362 0.34242676254872584 6.580739937739167e-07 5.3181961900065485e-06 0.6575672611810904 20110508877575.78 
363 0.3424267720979106 6.592566066761353e-07 5.328194465629033e-06 0.6575672404510171 20110508877575.78 
364 0.3424267788280256 6.604565809869371e-07 5.338345210973376e-06 0.6575672223701825 20110508877575.703 
365 0.3424267827836189 6.616732652436207e-07 5.348643342217474e-06 0.6575672068997737 20110508877575.746 
366 0.34242678400870225 6.629060195687867e-07 5.359083858520039e-06 0.6575671940014196 20110508877575.703 
367 0.34242678254673947 6.641542149411148e-07 5.369661836324367e-06 0.6575671836372093 20110508877575.754 
368 0.34242677844069924 6.654172325141829e-07 5.380372424021004e-06 0.6575671757696443 20110508877575.73 
369 0.3424267717330471 6.666944629810747e-07 5.39121083695152e-06 0.6575671703616529 20110508877575.74 
370 0.3424267624657945 6.679853059826437e-07 5.402172352739447e-06 0.6575671673765467 20110508877575.74 
371 0.3424267506805071 6.692891695573447e-07 5.4132523069330575e-06 0.6575671667780166 20110508877575.77 
372 0.342426736418315 6.706054696307227e-07 5.424446088946562e-06 0.6575671685301265 20110508877575.81 
373 0.34242671971995053 6.719336295428297e-07 5.4357491382875995e-06 0.6575671725972816 20110508877575.766 
374 0.34242670062575936 6.73273079611688e-07 5.447156941057651e-06 0.6575671789442199 20110508877575.76 
375 0.3424266791757108 6.746232567313628e-07 5.458665026715391e-06 0.6575671875360057 20110508877575.777 
376 0.34242665540942824 6.759836040029748e-07 5.470268965091426e-06 0.6575671983380027 20110508877575.695 
377 0.3424266293661992 6.773535703972345e-07 5.481964363644229e-06 0.6575672113158668 20110508877575.71 
378 0.3424266010849939 6.787326104471654e-07 5.49374686494812e-06 0.6575672264355308 20110508877575.777 
