0 0.9999873705091066 1.2629490893285408e-05 0.0 0.0 20110470029379.74 
1 0.9999924802760333 3.007889586620733e-06 3.895108817206705e-06 6.16725562724395e-07 20110508877575.742 
2 0.9999944770331588 1.1605274814060083e-06 3.4567636648845815e-06 9.056756950339219e-07 20110508877575.734 
3 0.9999954269340878 7.520612590645426e-07 2.816582575370623e-06 1.0044220778187505e-06 20110508877575.734 
4 0.9999960489337831 6.007724758364496e-07 2.3374737264520355e-06 1.0128200145778527e-06 20110508877575.69 
5 0.9999965286184085 5.102372405850461e-07 1.984243516486554e-06 9.769008345763746e-07 20110508877575.734 
6 0.999996925909135 4.4251824159204283e-07 1.7121237340571283e-06 9.194488891565086e-07 20110508877575.742 
7 0.9999972634511826 3.8809719786579545e-07 1.495112695062661e-06 8.533389245321572e-07 20110508877575.79 
8 0.999997551155004 3.434876537691238e-07 1.3189418969391121e-06 7.864154454266698e-07 20110508877575.79 
9 0.9999977943175236 3.068739734229869e-07 1.1752862412795683e-06 7.235222617397506e-07 20110508877575.72 
10 0.9999979964747016 2.7708955230382587e-07 1.0588504549779398e-06 6.675852912172694e-07 20110508877575.805 
11 0.9999981603609833 2.53310845433435e-07 9.660211892246685e-07 6.203069819928365e-07 20110508877575.684 
12 0.9999982881780792 2.3493955427365118e-07 8.942390714924986e-07 5.82643295156493e-07 20110508877575.723 
13 0.999998381626031 2.2154740734395484e-07 8.416926013186509e-07 5.551339604324834e-07 20110508877575.78 
14 0.999998441863626 2.1284692226435439e-07 8.071600736611468e-07 5.38129377949507e-07 20110508877575.723 
15 0.9999984694540911 2.0867522256736482e-07 7.899245913180777e-07 5.319460948059877e-07 20110508877575.742 
16 0.9999984643101854 2.0898563065815124e-07 7.897293893283063e-07 5.369747945757542e-07 20110508877575.75 
17 0.9999984256382954 2.1384466527008053e-07 8.067587416690537e-07 5.537582976005186e-07 20110508877575.816 
18 0.999998351876919 2.234333327534188e-07 8.416376798728047e-07 5.830520684854657e-07 20110508877575.78 
19 0.999998240624227 2.3805222085926847e-07 8.954474759099815e-07 6.258760760251469e-07 20110508877575.746 
20 0.9999980885496605 2.581302522501949e-07 9.69755757837427e-07 6.835643291581493e-07 20110508877575.723 
21 0.9999978912847994 2.8423718317312587e-07 1.066661256785441e-06 7.578167605993409e-07 20110508877575.734 
22 0.9999976432888091 3.1710010660322146e-07 1.1888539681111217e-06 8.507571161208382e-07 20110508877575.652 
23 0.9999973376835298 3.5762437034031493e-07 1.3396921472996862e-06 9.64999952567841e-07 20110508877575.664 
24 0.9999969660527607 4.0691946585911467e-07 1.5232981500137922e-06 1.1037296233500286e-06 20110508877575.72 
25 0.9999965181995375 4.663305933265724e-07 1.7446757190816073e-06 1.2707941499566253e-06 20110508877575.82 
26 0.999995981854191 5.374767690231751e-07 2.009851952978477e-06 1.4708170870212938e-06 20110508877575.723 
27 0.999995342324742 6.222965186607224e-07 2.3260478850945604e-06 1.7093308542136046e-06 20110508877575.76 
28 0.9999945820797069 7.231023979648298e-07 2.7018823807895117e-06 1.9929355142945213e-06 20110508877575.77 
29 0.9999936802516414 8.426458037499946e-07 3.147614937192386e-06 2.3294876177543914e-06 20110508877575.727 
30 0.999992612047736 9.841937870244168e-07 3.675433963939489e-06 2.728324513073465e-06 20110508877575.777 
31 0.9999913480514548 1.1516198556677902e-06 4.299798243829144e-06 3.20053044567991e-06 20110508877575.785 
32 0.9999898533965643 1.3495110573691877e-06 5.037840528850374e-06 3.7592518494130297e-06 20110508877575.727 
33 0.9999880867919341 1.583293960534454e-06 5.909843620844284e-06 4.420070484644364e-06 20110508877575.848 
34 0.999985999372187 1.8593824945005338e-06 6.9398008086924134e-06 5.201444509776804e-06 20110508877575.67 
35 0.9999835333456835 2.1853509575347282e-06 8.156074161544491e-06 6.125229197545438e-06 20110508877575.63 
36 0.9999806204074776 2.570135830379152e-06 9.59216586373293e-06 7.217290828447971e-06 20110508877575.71 
37 0.9999771798809409 3.0242703116490017e-06 1.1287619442659285e-05 8.508229304605808e-06 20110508877575.75 
38 0.9999731165478616 3.5601556707554388e-06 1.3289069261525481e-05 1.0034227206243768e-05 20110508877575.812 
39 0.9999683181233237 4.192373525198833e-06 1.565145783754739e-05 1.1838045313714983e-05 20110508877575.707 
40 0.9999626523290087 4.938042896915574e-06 1.843944113391322e-05 1.3970186960408177e-05 20110508877575.74 
41 0.9999559635173163 5.8172252598729964e-06 2.172900158501648e-05 1.6490255838767143e-05 20110508877575.75 
42 0.9999480687997975 6.8533795950064985e-06 2.5609286744012444e-05 1.9468533863388234e-05 20110508877575.676 
43 0.9999387536379153 8.073867518504189e-06 3.0184687433682455e-05 2.29878071325634e-05 20110508877575.8 
44 0.9999277668635055 9.510505614924546e-06 3.55771623222876e-05 2.7145468557234548e-05 20110508877575.723 
45 0.9999148151121952 1.1200157948739814e-05 4.192880498539101e-05 3.205592487070781e-05 20110508877575.68 
46 0.9998995566772003 1.3185356145368125e-05 4.940463374111059e-05 3.785333291336389e-05 20110508877575.688 
47 0.9998815948250561 1.5514927346475724e-05 5.8195562953362936e-05 4.469468464392359e-05 20110508877575.715 
48 0.9998604706598743 1.8244601937166297e-05 6.852148659261274e-05 5.276325159609293e-05 20110508877575.766 
49 0.9998356556781179 2.1437563871282116e-05 8.063437106002875e-05 6.227238695062833e-05 20110508877575.79 
50 0.9998065442182359 2.5164898108499565e-05 9.482121675640371e-05 7.346966689910478e-05 20110508877575.766 
51 0.999772446070597 2.9505884671087393e-05 0.00011140671152445051 8.664133320742845e-05 20110508877575.73 
52 0.9997325795580417 3.454809116178601e-05 0.00013075537290807473 0.00010211697788828774 20110508877575.73 
53 0.9996860654016537 4.0387230988187214e-05 0.00015327297454602502 0.0001202743928121219 20110508877575.766 
54 0.9996319216152414 4.7126790243460474e-05 0.00017940709553339367 0.00014154449898177193 20110508877575.71 
55 0.9995690594810074 5.487748992678851e-05 0.00020964674639484165 0.00016641628267093073 20110508877575.734 
56 0.9994962802993431 6.375674793016464e-05 0.00024452123981384314 0.00019544171291291357 20110508877575.81 
57 0.9994122720371696 7.388843743117728e-05 0.0002845988116876811 0.00022924071371156857 20110508877575.723 
58 0.9993156042095179 8.540339493199539e-05 0.0003304859642630457 0.0002685064312869785 20110508877575.727 
59 0.9992047183601995 9.844128663920341e-05 0.0003828290705173064 0.00031401128264412615 20110508877575.73 
60 0.9990779104803329 0.00011315455319195925 0.0004423203713577509 0.00036661459511740026 20110508877575.664 
61 0.9989333008270801 0.00012971516418132815 0.0005097109833351992 0.0004272730254032637 20110508877575.72 
62 0.9987687861533912 0.00014832477158207606 0.0005858337412776905 0.0004970553337491045 20110508877575.734 
63 0.9985819696065058 0.00016922852697260818 0.0006716384530529121 0.0005771634134687713 20110508877575.758 
64 0.9983700646694293 0.00019273234455041867 0.0007682413314631886 0.0006689616545571564 20110508877575.77 
65 0.9981297714699008 0.00021922283893667274 0.0008769890124639941 0.0007740166786986324 20110508877575.79 
66 0.9978571262703777 0.00024918868446178257 0.000999535862822059 0.0008941491823384552 20110508877575.836 
67 0.9975473274704705 0.000283241881036465 0.0011379315668947928 0.0010314990815982507 20110508877575.734 
68 0.9971945434192031 0.0003221374716646364 0.0012947146631915624 0.0011886044459405755 20110508877575.71 
69 0.9967917082778137 0.00036679064765563293 0.0014730071125167168 0.001368493962013868 20110508877575.816 
70 0.996330311855941 0.0004182908203107704 0.0016766052943676768 0.0015747920293806485 20110508877575.746 
71 0.995800187752402 0.00047791301322614186 0.0019100640436396717 0.0018118351907322593 20110508877575.785 
72 0.9951893013668844 0.0005471277408230571 0.0021787723420421193 0.0020847985502504083 20110508877575.777 
73 0.9944835355218363 0.0006276113358324824 0.0024890219251692326 0.002399831217161879 20110508877575.73 
74 0.9936664667192613 0.0007212594177881699 0.0028480731831942237 0.0027642006797562 20110508877575.727 
75 0.9927191199611775 0.0008302066962690731 0.003264225976624614 0.003186447365928847 20110508877575.664 
76 0.9916196857712277 0.000956856235457686 0.003746905629947821 0.0036765523633667183 20110508877575.76 
77 0.99034318150137 0.0011039202258208895 0.004306775217520857 0.00424612305528814 20110508877575.742 
78 0.9888610422140323 0.001274471982703711 0.004955883024033391 0.0049086027792305436 20110508877575.734 
79 0.9871406350442256 0.0014720057519886645 0.005707848231678657 0.005679510972107263 20110508877575.633 
80 0.9851447028520156 0.0017004982045417656 0.006578079674309285 0.006576719269133437 20110508877575.668 
81 0.9828307537751398 0.0019644646513709545 0.007584014783561648 0.007620766789927499 20110508877575.69 
82 0.9801504197445552 0.002269004121845852 0.008745361235166114 0.008835214898432763 20110508877575.81 
83 0.9770488115613445 0.0026198283120025083 0.010084321646725488 0.010247038479927606 20110508877575.758 
84 0.9734639097853985 0.0030232665036869517 0.011625776877221841 0.011887046833692762 20110508877575.734 
85 0.96932605932662 0.003486230108286796 0.0133973893911132 0.0137903211739802 20110508877575.703 
86 0.9645576824749972 0.004016109234294425 0.015429562619657418 0.015996645671050965 20110508877575.77 
87 0.9590733776945939 0.004620566208265029 0.017755161888400654 0.01855089420874046 20110508877575.773 
88 0.9527806092269085 0.005307193293425167 0.020408880543798417 0.021503316935867815 20110508877575.727 
89 0.9455811993273708 0.006083014700764588 0.023426133496240995 0.024909652475623642 20110508877575.695 
90 0.9373738078049823 0.00695383163466332 0.02684138342954596 0.028830977130808438 20110508877575.727 
91 0.928057529061826 0.00792342801734742 0.030685848238626957 0.0333331946821997 20110508877575.734 
92 0.9175366600074836 0.008992672332299416 0.03498459606557365 0.038486071594643394 20110508877575.785 
93 0.9057265889470278 0.010158571010848367 0.03975310541146534 0.04436173463065859 20110508877575.727 
94 0.8925606158306426 0.011413354805315152 0.044993455715801496 0.05103257364824082 20110508877575.742 
95 0.8779973334083594 0.012743711112095591 0.05069042070600715 0.05856853477353788 20110508877575.73 
96 0.8620279892520692 0.014130304905280259 0.056807855649337775 0.06703385019331264 20110508877575.79 
97 0.8446830462437498 0.015547745716354878 0.06328587886894196 0.07648332917095339 20110508877575.758 
98 0.8260370212060156 0.01696514291480404 0.07003941221144984 0.08695842366773042 20110508877575.785 
99 0.8062106737591587 0.018347335242714678 0.07695862328835439 0.09848336770977227 20110508877575.69 
100 0.7853697928454227 0.0196567823062282 0.08391167123401957 0.11106175361432939 20110508877575.824 
101 0.7637202002720235 0.020855979782862626 0.09074988974210636 0.12467393020300768 20110508877575.746 
102 0.7414991147348295 0.021910135645238946 0.09731517698306666 0.13927557263686483 20110508877575.746 
103 0.718963593596909 0.02278975862136698 0.10344897189351884 0.1547976758882052 20110508877575.734 
104 0.6963772573260532 0.02347279391592613 0.10900187438010675 0.17114807437791382 20110508877575.746 
105 0.673996777452585 0.02394600727142099 0.1138428017975557 0.18821441347843842 20110508877575.73 
106 0.652059603109427 0.024205452697952323 0.11786661671917878 0.20586832747344197 20110508877575.73 
107 0.6307741241924724 0.02425602506256669 0.12099940503122086 0.22397044571374014 20110508877575.78 
108 0.6103130054793967 0.024110250938051723 0.12320096647196402 0.24237577711058766 20110508877575.72 
109 0.5908099001124787 0.023786572702377187 0.1244645065675945 0.26093902061754964 20110508877575.727 
110 0.5723592828156546 0.023307415080424342 0.12481389383927358 0.27951940826464744 20110508877575.746 
111 0.5550188143013493 0.022697295637013646 0.1242991014868255 0.29798478857481164 20110508877575.773 
112 0.5388134872772443 0.021981172209187647 0.12299056245002347 0.3162147780635445 20110508877575.742 
113 0.5237407944793518 0.021183136860687506 0.12097314369003868 0.3341029249699221 20110508877575.734 
114 0.5097762564794073 0.020325489359546884 0.11834032775484278 0.3515579264062032 20110508877575.78 
115 0.4968788008828855 0.01942816619044297 0.11518902353232278 0.3685040093943487 20110508877575.746 
116 0.4849956515389557 0.018508467396415002 0.11161525469475032 0.384880626369879 20110508877575.76 
117 0.4740665371233566 0.01758101032292582 0.10771082235028842 0.40064163020342913 20110508877575.727 
118 0.46402714790238053 0.016657840745892525 0.10356092259745173 0.4157540887542754 20110508877575.766 
119 0.454811853824208 0.015748641665219908 0.09924262331321991 0.4301968811973523 20110508877575.78 
120 0.4463557494990524 0.014860993178621098 0.09482406338783092 0.44395919393449557 20110508877575.723 
121 0.4385961186087227 0.014000649958538993 0.0903642238973647 0.45703900753537363 20110508877575.758 
122 0.4314734190301182 0.013171814140521 0.08591312576210496 0.4694416410672559 20110508877575.742 
123 0.4249318869162156 0.012377390239086806 0.0815123246160177 0.48117839822867975 20110508877575.742 
124 0.4189198482403083 0.011619215074638398 0.0771955949702555 0.49226534171479785 20110508877575.76 
125 0.413389813517518 0.010898259996544736 0.07298971817917342 0.5027222083067638 20110508877575.73 
126 0.4082984179591836 0.010214805400026646 0.06891530968620403 0.5125714669545856 20110508877575.72 
127 0.40360625660606775 0.00956858910884858 0.06498763922701549 0.5218375150580683 20110508877575.734 
128 0.3992776527506621 0.008958931002387633 0.06121741262244373 0.5305460036245065 20110508877575.754 
129 0.39528038847053215 0.008384836582387596 0.05761149554664193 0.5387232794004384 20110508877575.746 
130 0.3915854183524054 0.007845082197155616 0.054173568532632436 0.5463959309178066 20110508877575.734 
131 0.388166581341935 0.007338284499396697 0.05090470892580554 0.5535904252328627 20110508877575.75 
132 0.38500032089109054 0.006862956491085474 0.04780389998566463 0.5603328226321594 20110508877575.727 
133 0.3820654199626769 0.006417552254814918 0.04486847030347377 0.5666485574790345 20110508877575.785 
134 0.37934275476971474 0.006000502214646403 0.04209446852494863 0.5725622744906902 20110508877575.734 
135 0.37681506918157304 0.0056102405258984375 0.03947697935212447 0.5780977109404041 20110508877575.777 
136 0.3744667703538531 0.005245225969822505 0.03701038719211786 0.5832776164842065 20110508877575.73 
137 0.37228374519998353 0.004903957528354544 0.03468859381091069 0.5881237034607512 20110508877575.73 
138 0.3702531967102736 0.0045849856362583825 0.03250519607868957 0.5926566215747784 20110508877575.715 
139 0.368363498753536 0.004286919951866864 0.03045362946286271 0.5968959518317344 20110508877575.766 
140 0.3666040678005414 0.00400843435162327 0.02852728240948627 0.600860215438349 20110508877575.824 
141 0.3649652499365605 0.0037482697358568796 0.026719586204733768 0.6045668941228487 20110508877575.734 
142 0.3634382215431584 0.0035052351318570975 0.025024084359924748 0.6080324589650598 20110508877575.797 
143 0.36201490209859943 0.0032782074935507888 0.023434485038775585 0.6112724053690742 20110508877575.797 
144 0.3606878776495045 0.0030661305232905145 0.021944699557448828 0.6143012922697562 20110508877575.77 
145 0.3594503336291124 0.0028680127788865916 0.020548869543920788 0.6171327840480803 20110508877575.777 
146 0.3582959958275301 0.0026829252766517636 0.01924138494598233 0.6197796939498358 20110508877575.73 
147 0.3572190784499175 0.0025099987575759085 0.018016894726852712 0.6222540280656538 20110508877575.754 
148 0.3562142383238508 0.0023484207476298005 0.016870311781951038 0.6245670291465684 20110508877575.69 
149 0.3552765344343292 0.002197432513542609 0.01579681334675504 0.6267292197053732 20110508877575.67 
150 0.35440139207213545 0.0020563259912448756 0.014791837940167009 0.6287504439964526 20110508877575.754 
151 0.353584570977833 0.0019244407446661748 0.013851079696425994 0.6306399085810747 20110508877575.7 
152 0.35282213694921205 0.0018011609969657955 0.012970480777356108 0.632406221276466 20110508877575.67 
153 0.35211043645540246 0.0016859127639023595 0.01214622242181706 0.6340574283588782 20110508877575.78 
154 0.35144607386621657 0.0015781611093411106 0.011374715077013705 0.6356010499474286 20110508877575.777 
155 0.350825890961959 0.0014774075353707035 0.010652587963598359 0.6370441135390719 20110508877575.74 
156 0.35024694843739806 0.0013831875137416982 0.009976678350307218 0.6383931856985531 20110508877575.71 
157 0.34970650915519386 0.0012950681609979007 0.00934402075164441 0.6396544019321637 20110508877575.78 
158 0.3492020229393357 0.0012126460564636978 0.00875183621158878 0.6408334947926118 20110508877575.785 
159 0.348731112729075 0.001135545199932899 0.008197521795507916 0.6419358202754841 20110508877575.64 
160 0.3482915619392575 0.00106341510428789 0.007678640379741099 0.6429663825767135 20110508877575.684 
161 0.34788130289443325 0.0009959290171994096 0.0071929108022421384 0.6439298572861252 20110508877575.79 
162 0.34749840622210304 0.0009327822653926042 0.006738198417045239 0.6448306130954591 20110508877575.72 
163 0.3471410711059907 0.0008736907146123172 0.006312506079142761 0.6456727321002541 20110508877575.734 
164 0.3468076163130264 0.000818389338299133 0.005913965573789066 0.6464600287748854 20110508877575.746 
165 0.34649647191871935 0.0007666308880347249 0.005540829494584443 0.6471960676986614 20110508877575.676 
166 0.3462061716650573 0.0007181846589821452 0.005191463567375451 0.6478841801085852 20110508877575.773 
167 0.34593534589280645 0.0006728353437956549 0.004864339411556869 0.648527479351841 20110508877575.746 
168 0.3456827149969591 0.0006303819687765362 0.0045580277263995135 0.6491288753078649 20110508877575.754 
169 0.34544708335987767 0.0005906369063855465 0.004271191887236865 0.6496910878464999 20110508877575.727 
170 0.34522733372161357 0.0005534249585718003 0.00400258193447936 0.6502166593853353 20110508877575.78 
171 0.3450224219512026 0.0005185825057312005 0.003751028937271568 0.6507079666057946 20110508877575.77 
172 0.3448313721864496 0.00048595671645617136 0.0035154397130117685 0.6511672313840825 20110508877575.754 
173 0.34465327231297505 0.00045540481357683483 0.0032947918837764123 0.6515965309896717 20110508877575.77 
174 0.344487269756095 0.00042679339231790637 0.003088129250834146 0.6519978076007529 20110508877575.785 
175 0.3443325675616134 0.00039999778670304464 0.0028945574688081653 0.6523728771828754 20110508877575.754 
176 0.34418842074375716 0.0003749014806279289 0.0027132400015910507 0.6527234377740239 20110508877575.723 
177 0.3440541328804955 0.0003513955602944651 0.0025433943427766352 0.6530510772164334 20110508877575.72 
178 0.3439290529381057 0.00032937820495098415 0.002384288484113723 0.6533572803728295 20110508877575.73 
179 0.3438125723084408 0.00030875421311797884 0.0022352376162710873 0.65364343586217 20110508877575.734 
180 0.3437041220437396 0.0002894345616960209 0.002095601047012994 0.6539108423475514 20110508877575.777 
181 0.3436031702749987 0.00027133599555330694 0.001964779322697587 0.6541607144067503 20110508877575.76 
182 0.3435092198010756 0.0002543806453753107 0.00184221153981624 0.6543941880137328 20110508877575.742 
183 0.3434218058366865 0.00023849567172978608 0.0017273728340796422 0.6546123256575039 20110508877575.707 
184 0.3433404939083708 0.00022361293345734428 0.0016197720353184478 0.6548161211228535 20110508877575.73 
185 0.3432648778883127 0.00020966867864239812 0.0015189494771994138 0.6550065039558455 20110508877575.73 
186 0.3431945781566837 0.00019660325655222928 0.001424474951457169 0.6551843436353069 20110508877575.77 
187 0.3431292398838195 0.00018436084905418338 0.0013359457970075219 0.6553504534701189 20110508877575.76 
188 0.34306853142422056 0.00017288922013344743 0.0012529851149372068 0.6555055942407089 20110508877575.73 
189 0.3430121428149161 0.00016213948223729388 0.001175240100959746 0.6556504776018869 20110508877575.71 
190 0.3429597843712482 0.00015206587826681564 0.0011023804874857803 0.6557857692629993 20110508877575.72 
191 0.34291118537363263 0.0001426255781247151 0.0010340970879818613 0.6559120919602608 20110508877575.715 
192 0.34286609283934594 0.00013377848880835526 0.0009701004367835826 0.6560300282350621 20110508877575.754 
193 0.3428242703736954 0.00012548707711146522 0.0009101195179899098 0.6561401230312032 20110508877575.73 
194 0.34278549709542094 0.00011771620406630356 0.0008539005774963195 0.6562428861230164 20110508877575.746 
195 0.3427495666314641 0.00011043297032114958 0.0008012060126267046 0.6563387943855882 20110508877575.715 
196 0.34271628617660593 0.00010360657170610936 0.000751813334199359 0.6564282939174885 20110508877575.742 
197 0.34268547561373347 9.720816429387903e-05 0.0007055141962127408 0.6565118020257598 20110508877575.74 
198 0.34265696669082646 9.121073831166566e-05 0.0006621134886628918 0.6565897090821989 20110508877575.79 
199 0.34263060225099506 8.558900030621845e-05 0.00062142848930874 0.65666238025939 20110508877575.75 
200 0.3426062355121186 8.031926300615924e-05 0.0005832880704846643 0.6567301571543906 20110508877575.742 
201 0.3425837293928938 7.537934236501329e-05 0.0005475319573237755 0.6567933593074173 20110508877575.73 
202 0.34256295588233804 7.074846130439671e-05 0.000514010034000809 0.6568522856223566 20110508877575.715 
203 0.34254379544986574 6.640715971039465e-05 0.00048258169483247784 0.6569072156955914 20110508877575.75 
204 0.3425261364934406 6.233721026713741e-05 0.00045311523728609716 0.6569584110590061 20110508877575.754 
205 0.3425098748232199 5.852153974031885e-05 0.00042548729414551356 0.6570061163428942 20110508877575.734 
206 0.3424949131785688 5.4944155350051814e-05 0.00039958230226815695 0.657050560363813 20110508877575.73 
207 0.34248116077615365 5.1590075897149716e-05 0.00037529200553882417 0.6570919571424103 20110508877575.723 
208 0.34246853288721807 4.8445267329847225e-05 0.00035251498978599455 0.6571305068556661 20110508877575.74 
209 0.34245695044211244 4.549658245924896e-05 0.00033115624757558014 0.6571663967278527 20110508877575.754 
210 0.34244633966039384 4.2731704551557085e-05 0.0003111267709358276 0.6571998018641187 20110508877575.742 
211 0.34243663170475164 4.0139094543483566e-05 0.00029234317019662353 0.6572308860305082 20110508877575.703 
212 0.3424277623573605 3.770794164430623e-05 0.00027472731724680614 0.6572598023837483 20110508877575.74 
213 0.34241967171709803 3.5428117103898945e-05 0.0002582060116256077 0.6572866941541726 20110508877575.77 
214 0.3424123039163861 3.329013094081236e-05 0.00024271066796889928 0.6573116952847041 20110508877575.723 
215 0.342405606856326 3.128509143820364e-05 0.00022817702342859146 0.6573349310288074 20110508877575.715 
216 0.3423995319590145 2.940466722819676e-05 0.0002145448637745063 0.6573565185099828 20110508877575.688 
217 0.3423940339358754 2.7641051797138835e-05 0.0002017577669728248 0.6573765672453545 20110508877575.79 
218 0.3423890705710397 2.598693025529772e-05 0.0001897628631144585 0.6573951796355906 20110508877575.645 
219 0.34238460251875646 2.4435448224864264e-05 0.00017851060964031522 0.6574124514233783 20110508877575.69 
220 0.3423805931139656 2.298018270973933e-05 0.000167954580879516 0.6574284721224452 20110508877575.754 
221 0.3423770081951839 2.1615114819541355e-05 0.00015805127098065464 0.6574433254190158 20110508877575.734 
222 0.3423738159388827 2.033460422863146e-05 0.00014875990937627073 0.6574570895475125 20110508877575.684 
223 0.3423709867046531 1.9133365258745214e-05 0.00014004228797666088 0.6574698376421115 20110508877575.73 
224 0.34236849289047355 1.8006444481085896e-05 0.00013186259934137444 0.657481638065704 20110508877575.707 
225 0.3423663087973536 1.6949199740516465e-05 0.00012418728512550827 0.6574925547177805 20110508877575.742 
226 0.3423644105028646 1.5957280510820382e-05 0.00011698489414353218 0.657502647322481 20110508877575.793 
227 0.34236277574287144 1.5026609495903044e-05 0.00011022594943584563 0.657511971698197 20110508877575.746 
228 0.34236138380102527 1.4153365397324758e-05 0.00010388282376305461 0.6575205800098143 20110508877575.73 
229 0.3423602154054637 1.3333966773704138e-05 9.792962299006881e-05 0.6575285210047725 20110508877575.71 
230 0.3423592526322644 1.256505692234431e-05 9.234207685680825e-05 0.6575358402339565 20110508877575.707 
231 0.34235847881522247 1.1843489717919342e-05 8.709743666471607e-05 0.657542580258395 20110508877575.703 
232 0.34235787846156185 1.1166316347266038e-05 8.217437943858013e-05 0.6575487808426523 20110508877575.684 
233 0.3423574371731355 1.0530772883239985e-05 7.755291815147197e-05 0.6575544791358298 20110508877575.727 
234 0.3423571415728386 9.934268644264996e-06 7.321431762708607e-05 0.65755970984089 20110508877575.652 
235 0.34235697923581926 9.374375289628963e-06 6.914101575848365e-05 0.6575645053731327 20110508877575.746 
236 0.3423569386252611 8.848816603783292e-06 6.531654970544343e-05 0.6575688960084297 20110508877575.754 
237 0.3423570090323356 8.35545892589539e-06 6.172548675415975e-05 0.6575729100219843 20110508877575.734 
238 0.34235718052017233 7.892302183705747e-06 5.8353359543359246e-05 0.6575765738181006 20110508877575.7 
239 0.34235744387147116 7.457471493357921e-06 5.5186605379758946e-05 0.6575799120516556 20110508877575.727 
240 0.34235779053961807 7.049209289318409e-06 5.2212509383523196e-05 0.6575829477417091 20110508877575.793 
241 0.3423582126030004 6.665867950794102e-06 4.941915122091719e-05 0.6575857023778279 20110508877575.785 
242 0.34235870272236835 6.305902893197657e-06 4.6795355196853126e-05 0.6575881960195415 20110508877575.703 
243 0.34235925410100804 5.967866095214741e-06 4.43306434945051e-05 0.6575904473894021 20110508877575.793 
244 0.34235986044756034 5.650400033903952e-06 4.201519236273891e-05 0.657592473960043 20110508877575.742 
245 0.3423605159413053 5.352232002011646e-06 3.983979106477596e-05 0.657594292035628 20110508877575.684 
246 0.3423612151997602 5.0721687833310224e-06 3.779580341339173e-05 0.6575959168280431 20110508877575.77 
247 0.3423619532484423 4.809091663465757e-06 3.587513172906308e-05 0.6575973625281651 20110508877575.742 
248 0.3423627254926174 4.5619517548007255e-06 3.407018306785278e-05 0.6575986423725598 20110508877575.777 
249 0.3423635276909681 4.329765615826852e-06 3.23738375755921e-05 0.6575997687058405 20110508877575.734 
250 0.34236435593100195 4.111611146226766e-06 3.0779418833989177e-05 0.6576007530390178 20110508877575.723 
251 0.34236520660610875 3.906623740307837e-06 2.928066607284935e-05 0.6576016061040781 20110508877575.72 
252 0.34236607639416117 3.7139926824735798e-06 2.7871708130557628e-05 0.6576023379050256 20110508877575.73 
253 0.34236696223753577 3.532957769456871e-06 2.6547039052455427e-05 0.6576029577656424 20110508877575.707 
254 0.3423678613245055 3.362806145007299e-06 2.530149522373627e-05 0.6576034743741257 20110508877575.67 
255 0.3423687710718384 3.2028693336305655e-06 2.4130233940033016e-05 0.657603895824888 20110508877575.723 
256 0.34236968910863547 3.0525204608262346e-06 2.302871332500718e-05 0.6576042296575786 20110508877575.742 
257 0.34237061326117557 2.91117164806399e-06 2.199267350998752e-05 0.6576044828936664 20110508877575.832 
258 0.34237154153888094 2.778271571483934e-06 2.101811899608539e-05 0.6576046620705516 20110508877575.75 
259 0.3423724721211374 2.653303174000879e-06 2.0101302124245946e-05 0.6576047732735643 20110508877575.73 
260 0.34237340334508304 2.5357815211470357e-06 1.9238707583414432e-05 0.6576048221658123 20110508877575.68 
261 0.34237433369419673 2.4252517915967127e-06 1.8427037891403023e-05 0.6576048140161203 20110508877575.83 
262 0.34237526178765637 2.3212873938901842e-06 1.7663199787188692e-05 0.6576047537251626 20110508877575.742 
263 0.3423761863704421 2.2234882014081943e-06 1.6944291477235034e-05 0.6576046458498792 20110508877575.715 
264 0.3423771063041019 2.1314788981524496e-06 1.6267590682066328e-05 0.657604494626318 20110508877575.727 
265 0.34237802055815825 2.0449074283552947e-06 1.563054343271115e-05 0.6576043039909806 20110508877575.78 
266 0.34237892820210486 1.963443543383948e-06 1.5030753569819455e-05 0.6576040776007819 20110508877575.71 
267 0.3423798283979489 1.8867774398157553e-06 1.446597290123261e-05 0.65760381885171 20110508877575.785 
268 0.3423807203932727 1.8146184829482406e-06 1.3934091976581588e-05 0.6576035308962679 20110508877575.773 
269 0.34238160351476243 1.746694010368547e-06 1.34331314400956e-05 0.6576032166597873 20110508877575.777 
270 0.34238247716222037 1.6827482105469766e-06 1.2961233925259344e-05 0.6576028788556438 20110508877575.742 
271 0.34238334080294186 1.6225410717357535e-06 1.2516656457246247e-05 0.6576025199995292 20110508877575.758 
272 0.3423841939665272 1.565847396752394e-06 1.2097763331202937e-05 0.6576021424227447 20110508877575.76 
273 0.3423850362400416 1.5124558795052728e-06 1.1703019436477782e-05 0.6576017482846424 20110508877575.83 
274 0.3423858672634975 1.4621682393803195e-06 1.1330983998765326e-05 0.6576013395842644 20110508877575.758 
275 0.34238668672568545 1.414798409851789e-06 1.0980304713908624e-05 0.6576009181711908 20110508877575.777 
276 0.34238749436027943 1.3701717779101287e-06 1.0649712248756204e-05 0.657600485755694 20110508877575.758 
277 0.3423882899422207 1.3281244711133148e-06 1.0338015086016903e-05 0.6576000439182221 20110508877575.734 
278 0.3423890732843516 1.288502689270292e-06 1.0044094691511569e-05 0.6575995941182675 20110508877575.71 
279 0.3423898442343147 1.25116207795277e-06 9.76690098357927e-06 0.6575991377026238 20110508877575.734 
280 0.34239060267163474 1.2159671412085596e-06 9.505448085670574e-06 0.6575986759131384 20110508877575.688 
281 0.34239134850504793 1.1827906910146854e-06 9.258810344352777e-06 0.6575982098939166 20110508877575.723 
282 0.34239208166999846 1.1515133311637246e-06 9.026118596075038e-06 0.6575977406980742 20110508877575.63 
283 0.34239280212631706 1.1220229734217856e-06 8.80655666708272e-06 0.6575972692940423 20110508877575.71 
284 0.3423935098561034 1.094214383932642e-06 8.599358091860079e-06 0.6575967965714207 20110508877575.652 
285 0.3423942048617027 1.0679887579698927e-06 8.403803036392498e-06 0.6575963233465031 20110508877575.69 
286 0.34239488716387595 1.0432533212585911e-06 8.219215413408125e-06 0.6575958503673893 20110508877575.773 
287 0.3423955568001004 1.0199209561993439e-06 8.044960177562094e-06 0.6575953783187657 20110508877575.734 
288 0.3423962138229847 9.979098514330778e-07 7.880440789285242e-06 0.6575949078263745 20110508877575.71 
289 0.3423968582987891 9.771431732825481e-07 7.725096836727357e-06 0.657594439461201 20110508877575.773 
290 0.34239749030610106 9.575487576990335e-07 7.578401805890677e-06 0.6575939737433353 20110508877575.773 
291 0.3423981099345592 9.390588214284412e-07 7.439860989669314e-06 0.6575935111456296 20110508877575.742 
292 0.34239871728370824 9.216096911923516e-07 7.309009527096791e-06 0.6575930520970734 20110508877575.72 
293 0.3423993124619317 9.051415497548951e-07 7.1854105646473446e-06 0.6575925969859538 20110508877575.773 
294 0.3423998955854635 8.895981978174219e-07 7.06865353195143e-06 0.6575921461628066 20110508877575.72 
295 0.3424004667774722 8.749268307492945e-07 6.958352524762973e-06 0.6575916999431722 20110508877575.746 
296 0.3424010261672415 8.610778292257391e-07 6.854144788468753e-06 0.6575912586101409 20110508877575.742 
297 0.3424015738893762 8.480045629015626e-07 6.7556892958484985e-06 0.657590822416765 20110508877575.68 
298 0.34240211008310056 8.356632063047138e-07 6.662665413191223e-06 0.6575903915882798 20110508877575.8 
299 0.3424026348916178 8.24012566184681e-07 6.574771649243271e-06 0.6575899663241667 20110508877575.74 
300 0.342403148461481 8.130139195986546e-07 6.491724481807662e-06 0.6575895468001176 20110508877575.688 
301 0.3424036509420646 8.026308620637779e-07 6.413257257143621e-06 0.6575891331698163 20110508877575.75 
302 0.3424041424850525 7.928291651454915e-07 6.3391191576159225e-06 0.6575887255666246 20110508877575.734 
303 0.3424046232439778 7.835766428919067e-07 6.269074233329768e-06 0.6575883241051459 20110508877575.73 
304 0.3424050933737816 7.748430265609255e-07 6.202900493756251e-06 0.6575879288826981 20110508877575.73 
305 0.34240555303045067 7.665998471217004e-07 6.140389055601547e-06 0.6575875399806466 20110508877575.66 
306 0.3424060023706488 7.588203250444095e-07 6.081343343408995e-06 0.6575871574656827 20110508877575.715 
307 0.3424064415513958 7.514792669229813e-07 6.025578339603491e-06 0.6575867813909977 20110508877575.71 
308 0.34240687072977694 7.445529685037e-07 5.972919880892639e-06 0.6575864117973735 20110508877575.824 
309 0.3424072900626766 7.380191237197724e-07 5.923203998134869e-06 0.6575860487142016 20110508877575.734 
310 0.3424076997065379 7.318567393565826e-07 5.8762762969615674e-06 0.6575856921604257 20110508877575.742 
311 0.34240809981714526 7.260460549963264e-07 5.8319913766155984e-06 0.6575853421454232 20110508877575.707 
312 0.34240849054941597 7.205684679123216e-07 5.790212284622192e-06 0.6575849986698314 20110508877575.695 
313 0.34240887205724047 7.154064626042967e-07 5.7508100050617324e-06 0.6575846617262918 20110508877575.71 
314 0.3424092444933254 7.105435446850952e-07 5.713662978350508e-06 0.6575843313001516 20110508877575.766 
315 0.34240960800902265 7.059641788474438e-07 5.678656650568322e-06 0.6575840073701479 20110508877575.703 
316 0.34240996275423363 7.016537306563811e-07 5.645683050493937e-06 0.6575836899089853 20110508877575.76 
317 0.34241030887728907 6.975984119290896e-07 5.614640392624822e-06 0.6575833788839064 20110508877575.734 
318 0.3424106465248526 6.937852294783787e-07 5.585432704564147e-06 0.6575830742572133 20110508877575.688 
319 0.3424109758418119 6.902019370105189e-07 5.5579694772613555e-06 0.657582775986774 20110508877575.75 
320 0.342411296971239 6.8683698998099e-07 5.532165336685192e-06 0.6575824840264342 20110508877575.773 
321 0.3424116100543082 6.83679503224001e-07 5.5079397355978105e-06 0.6575821983264529 20110508877575.754 
322 0.3424119152302273 6.807192111832375e-07 5.485216664182215e-06 0.6575819188338973 20110508877575.66 
323 0.34241221263622085 6.779464305820897e-07 5.463924378352135e-06 0.6575816454929703 20110508877575.76 
324 0.34241250240747245 6.753520253817191e-07 5.443995144647715e-06 0.6575813782453573 20110508877575.734 
325 0.34241278467708774 6.729273738846849e-07 5.4253650006882455e-06 0.6575811170305376 20110508877575.754 
326 0.34241305957609103 6.706643378510577e-07 5.407973530217468e-06 0.6575808617860409 20110508877575.758 
327 0.34241332723339785 6.685552335018934e-07 5.391763651837819e-06 0.6575806124477168 20110508877575.688 
328 0.34241358777579295 6.665928042930234e-07 5.376681420585156e-06 0.6575803689499822 20110508877575.723 
329 0.34241384132793556 6.647701953494255e-07 5.3626758415500025e-06 0.6575801312260275 20110508877575.72 
330 0.34241408801236156 6.630809294570813e-07 5.34969869479973e-06 0.6575798992080142 20110508877575.727 
331 0.34241432794946175 6.615188845159792e-07 5.337704370903026e-06 0.6575796728272829 20110508877575.773 
332 0.34241456125751524 6.600782723636411e-07 5.3266497164016345e-06 0.657579452014496 20110508877575.766 
333 0.34241478805267916 6.58753618884508e-07 5.316493888615575e-06 0.6575792366998134 20110508877575.76 
334 0.34241500844901523 6.575397453255179e-07 5.3071982192051e-06 0.6575790268130203 20110508877575.74 
335 0.34241522255849594 6.564317507434254e-07 5.2987260859500434e-06 0.6575788222836673 20110508877575.785 
336 0.3424154304910268 6.554249955139138e-07 5.291042792240484e-06 0.6575786230411853 20110508877575.74 
337 0.3424156323544631 6.545150858369856e-07 5.284115453802997e-06 0.6575784290149972 20110508877575.74 
338 0.34241582825464084 6.536978591772198e-07 5.27791289221849e-06 0.6575782401346077 20110508877575.742 
339 0.34241601829538915 6.529693705812391e-07 5.2724055348134605e-06 0.6575780563297055 20110508877575.79 
340 0.34241620257856964 6.523258798184089e-07 5.2675653205334314e-06 0.6575778775302299 20110508877575.727 
341 0.3424163812040887 6.517638392941831e-07 5.263365611431923e-06 0.6575777036664606 20110508877575.727 
342 0.34241655426994627 6.512798826884977e-07 5.2597811094303995e-06 0.6575775346690615 20110508877575.76 
343 0.3424167218722482 6.508708142748944e-07 5.2567877780268075e-06 0.6575773704691594 20110508877575.777 
344 0.34241688410524007 6.505335988784197e-07 5.254362768649752e-06 0.6575772109983924 20110508877575.746 
345 0.3424170410613574 6.502653524333604e-07 5.25248435137519e-06 0.6575770561889388 20110508877575.754 
346 0.34241719283123423 6.500633331040179e-07 5.2511318497388095e-06 0.657576905973583 20110508877575.75 
347 0.3424173395037473 6.499249329341973e-07 5.250285579395432e-06 0.6575767602857405 20110508877575.684 
348 0.34241748116604537 6.498476699930694e-07 5.249926790390728e-06 0.6575766190594942 20110508877575.754 
349 0.3424176179036008 6.498291809873445e-07 5.250037612826581e-06 0.6575764822296052 20110508877575.71 
350 0.3424177498002202 6.49867214311121e-07 5.250601005713523e-06 0.6575763497315598 20110508877575.746 
351 0.3424178769380886 6.499596235071891e-07 5.251600708818668e-06 0.657576221501579 20110508877575.777 
352 0.34241799939780926 6.501043611145318e-07 5.253021197326765e-06 0.6575760974766323 20110508877575.78 
353 0.34241811725844223 6.502994728788761e-07 5.254847639145828e-06 0.6575759775944457 20110508877575.734 
354 0.34241823059751725 6.505430923042964e-07 5.257065854697958e-06 0.6575758617935358 20110508877575.734 
355 0.3424183394910927 6.508334355253379e-07 5.2596622790462165e-06 0.6575757500131928 20110508877575.715 
356 0.3424184440137859 6.511687964804271e-07 5.262623926217748e-06 0.6575756421934914 20110508877575.77 
357 0.34241854423879603 6.515475423684466e-07 5.2659383555920635e-06 0.6575755382753059 20110508877575.727 
358 0.3424186402379536 6.519681093716561e-07 5.269593640231613e-06 0.6575754382002967 20110508877575.81 
359 0.3424187320817374 6.524289986289212e-07 5.273578337038845e-06 0.6575753419109271 20110508877575.715 
360 0.34241881983933026 6.529287724445304e-07 5.277881458632801e-06 0.6575752493504385 20110508877575.727 
361 0.34241890357864274 6.534660507185332e-07 5.282492446842531e-06 0.6575751604628596 20110508877575.754 
362 0.3424189833663378 6.540395075855525e-07 5.28740114772347e-06 0.657575075193007 20110508877575.695 
363 0.34241905926787636 6.546478682498051e-07 5.292597788006466e-06 0.6575749934864675 20110508877575.72 
364 0.3424191313475478 6.552899060047823e-07 5.2980729528974715e-06 0.6575749152895933 20110508877575.715 
365 0.34241919966850165 6.559644394268662e-07 5.3038175651479885e-06 0.6575748405494939 20110508877575.75 
366 0.3424192642927748 6.566703297327005e-07 5.309822865323725e-06 0.6575747692140301 20110508877575.74 
367 0.3424193252813305 6.574064782908737e-07 5.316080393202262e-06 0.657574701231798 20110508877575.79 
368 0.34241938269408584 6.581718242789816e-07 5.3225819702356455e-06 0.6575746365521197 20110508877575.816 
369 0.3424194365899439 6.589653424777542e-07 5.329319683016322e-06 0.6575745751250306 20110508877575.785 
370 0.3424194870268255 6.597860411943786e-07 5.336285867690541e-06 0.6575745169012657 20110508877575.715 
371 0.3424195340616912 6.60632960307721e-07 5.343473095265877e-06 0.6575744618322531 20110508877575.715 
372 0.34241957775057696 6.615051694285579e-07 5.350874157762481e-06 0.6575744098700959 20110508877575.727 
373 0.34241961814862865 6.624017661682905e-07 5.3584820551613575e-06 0.6575743609675501 20110508877575.793 
374 0.3424196553101214 6.633218745101748e-07 5.366289983106322e-06 0.6575743150780211 20110508877575.7 
375 0.3424196892884804 6.642646432772606e-07 5.374291321317244e-06 0.6575742721555551 20110508877575.785 
376 0.34241972013633487 6.652292446918755e-07 5.3824796226775685e-06 0.6575742321547977 20110508877575.766 
