0 0.9999873705091066 1.2629490893285408e-05 0.0 0.0 20110500240339.74 
1 0.9999929205913118 2.831763475308862e-06 3.6670318385294624e-06 5.806133744338316e-07 20110508877575.74 
2 0.9999954671791106 9.488075728638848e-07 2.83856691358228e-06 7.454464029646376e-07 20110508877575.73 
3 0.9999968810837914 5.092802363003873e-07 1.919872293476786e-06 6.89763678742335e-07 20110508877575.742 
4 0.9999977977167104 3.333248714550008e-07 1.2980891935416553e-06 5.708692246994194e-07 20110508877575.723 
5 0.9999984069194545 2.3411714757904272e-07 9.028173092190455e-07 4.561460887286045e-07 20110508877575.81 
6 0.9999988070428958 1.7215605942233155e-07 6.538812326039535e-07 3.6691981217995645e-07 20110508877575.746 
7 0.9999990622039746 1.3316225118443443e-07 4.986959988325542e-07 3.0593777536471664e-07 20110508877575.67 
8 0.9999992157774049 1.0946534760453011e-07 4.0490607491576977e-07 2.6985117251347393e-07 20110508877575.746 
9 0.9999992967594455 9.635508514672246e-08 3.526574412687672e-07 2.542280280494939e-07 20110508877575.78 
10 0.9999993240510101 9.087531407086513e-08 3.297606233957377e-07 2.5531305244386277e-07 20110508877575.79 
11 0.9999993094906585 9.120394549032841e-08 3.2882802687054775e-07 2.7047736900548894e-07 20110508877575.664 
12 0.999999259959939 9.627646674661504e-08 3.4556828668137646e-07 2.981953075395255e-07 20110508877575.68 
13 0.9999991788034029 1.0554898608190567e-07 3.777570519714084e-07 3.3789055907501004e-07 20110508877575.797 
14 0.9999990667557491 1.1884971897358102e-07 4.24613478455511e-07 3.897810536456723e-07 20110508877575.71 
15 0.9999989225202761 1.3628829068917134e-07 4.864274485051012e-07 4.547639847686849e-07 20110508877575.812 
16 0.9999987431012449 1.5820357457230892e-07 5.643466724306249e-07 5.343485081301432e-07 20110508877575.805 
17 0.9999985239602642 1.851378692922382e-07 6.6026946688621e-07 6.306323997683302e-07 20110508877575.77 
18 0.9999982590428079 2.1782978673326962e-07 7.768106719541189e-07 7.463167333693023e-07 20110508877575.742 
19 0.9999979407037214 2.572212114459601e-07 9.173214099207996e-07 8.847536572652192e-07 20110508877575.746 
20 0.9999975595482762 3.0447567945502926e-07 1.0859517539969672e-06 1.0500242904683069e-06 20110508877575.85 
21 0.9999971041965038 3.6100687723927927e-07 1.2877508604313482e-06 1.2470457584595643e-06 20110508877575.71 
22 0.9999965609719852 4.2851691922919623e-07 1.5288028883278693e-06 1.4817082072454284e-06 20110508877575.73 
23 0.999995913511169 5.090447799727505e-07 1.8163997931226505e-06 1.7610442578389451e-06 20110508877575.766 
24 0.9999951422850254 6.050258385183285e-07 2.159254273851158e-06 2.0934348621668564e-06 20110508877575.71 
25 0.9999942240209397 7.193640077851305e-07 2.5677580688590444e-06 2.488856983714977e-06 20110508877575.727 
26 0.9999931310089145 8.555184203807769e-07 3.0542926265382508e-06 2.959180038430024e-06 20110508877575.793 
27 0.9999918302720935 1.0176071617055867e-06 3.633601071103321e-06 3.5185196736883057e-06 20110508877575.72 
28 0.9999902825771243 1.2105311114562407e-06 4.3232324530215894e-06 4.1836593112395745e-06 20110508877575.7 
29 0.9999884412547685 1.4401216026598412e-06 5.144071619918314e-06 4.974552008843855e-06 20110508877575.688 
30 0.9999862507951944 1.7133163592173905e-06 6.120970763208442e-06 5.9149176830282475e-06 20110508877575.773 
31 0.9999836451753878 2.038369055866622e-06 7.28350188874581e-06 7.032953667431735e-06 20110508877575.773 
32 0.9999805458678208 2.425098888459499e-06 8.666853236592506e-06 8.362180054129821e-06 20110508877575.742 
33 0.9999768594696671 2.885187781540609e-06 1.0312897160789211e-05 9.942445390690323e-06 20110508877575.723 
34 0.9999724748801322 3.4325343338200584e-06 1.2271462319940804e-05 1.1821123214126587e-05 20110508877575.75 
35 0.9999672599395014 4.083675356304337e-06 1.4601849393764291e-05 1.405453574849713e-05 20110508877575.76 
36 0.9999610574268651 4.858287946581539e-06 1.737463713004814e-05 1.6709648058205e-05 20110508877575.836 
37 0.9999536802936426 5.779787529353924e-06 2.0673834577390483e-05 1.986608425065822e-05 20110508877575.72 
38 0.999944905986381 6.8760402517328515e-06 2.459944615035526e-05 2.3618527216824024e-05 20110508877575.742 
39 0.9999344696841387 8.180211637931587e-06 2.927052903245548e-05 2.80795751908709e-05 20110508877575.72 
40 0.9999220562422286 9.73177758055115e-06 3.482883773017821e-05 3.338314246059008e-05 20110508877575.72 
41 0.9999072905942311 1.1577728686623451e-05 4.144316878925096e-05 3.968850829288291e-05 20110508877575.727 
42 0.9998897263168433 1.3774004830270426e-05 4.931454027578703e-05 4.718513805069077e-05 20110508877575.707 
43 0.9998688320060538 1.6387203624063466e-05 5.868236617361931e-05 5.6098424148534793e-05 20110508877575.727 
44 0.9998439750468954 1.9496614544742322e-05 6.98318159687656e-05 6.669652259122272e-05 20110508877575.68 
45 0.9998144022810899 2.319663976371627e-05 8.310258502217329e-05 7.929849412427702e-05 20110508877575.797 
46 0.9997792169857305 2.7599673436456297e-05 9.889934249002601e-05 9.428399834307793e-05 20110508877575.793 
47 0.9997373514702422 3.283952333027121e-05 0.00011770417104750806 0.00011210483537990683 20110508877575.715 
48 0.9996875344771361 3.907547212914613e-05 0.00014009136676834617 0.00013329868396644756 20110508877575.766 
49 0.999628252434088 4.6497090252788525e-05 0.00016674502799185435 0.00015850544766736935 20110508877575.703 
50 0.9995577034515933 5.532992693576545e-05 0.00019847992782264843 0.0001884866936483917 20110508877575.742 
51 0.999473742795005 6.584222048564962e-05 0.00023626623364629294 0.0002241487508630774 20110508877575.754 
52 0.9993738183889288 7.835278016808492e-05 0.0002812587041837832 0.00026657012671937907 20110508877575.797 
53 0.9992548947477349 9.324019808017528e-05 0.0003348310525034614 0.000317034001681346 20110508877575.656 
54 0.9991133635879548 0.00011095354532845341 0.00039861620006205906 0.0003770666666546459 20110508877575.703 
55 0.998944939295827 0.00013202468692627482 0.00047455314465986266 0.00044848287258684793 20110508877575.688 
56 0.9987445374367006 0.0001570823068504385 0.0005649411002609257 0.0005334391561881574 20110508877575.688 
57 0.9985061346524037 0.00018686766131265057 0.0006725014097237188 0.0006344962765599961 20110508877575.742 
58 0.9982226086497838 0.00022225197010265722 0.0008004474528952637 0.0007546919272182556 20110508877575.664 
59 0.9978855575718927 0.0002642552173916846 0.0009525623539212804 0.0008976248567943229 20110508877575.7 
60 0.9974850988400914 0.0003140659879145068 0.001133283748754998 0.0010675514232389694 20110508877575.74 
61 0.9970096484236354 0.00037306186630369355 0.001347794291530826 0.0012694954185301424 20110508877575.656 
62 0.9964456821154587 0.00044282997055813787 0.0016021161512049982 0.0015093717627780833 20110508877575.703 
63 0.9957774802404628 0.0005251874986894492 0.001903207802656699 0.0017941244581910403 20110508877575.793 
64 0.9949868556500653 0.0006222028402483673 0.002259062353372524 0.0021318791563137624 20110508877575.734 
65 0.9940528614301593 0.0007362188020860978 0.0026788087582430915 0.002532111009511616 20110508877575.72 
66 0.9929514698404246 0.0008698804868592303 0.003172820375414815 0.0030058292973013656 20110508877575.695 
67 0.9916552094106471 0.001026170638343951 0.0037528383393329126 0.003565781611676171 20110508877575.75 
68 0.9901327461034044 0.001208453952729715 0.004432118144170257 0.004226681799695612 20110508877575.797 
69 0.9883484004690756 0.0014205284961491668 0.00522560435189584 0.005005466682879262 20110508877575.78 
70 0.9862616069585827 0.0016666776601939337 0.006150129444527812 0.005921585936695586 20110508877575.75 
71 0.9838263409155122 0.001951712000864254 0.007224620242818547 0.0069973268408049065 20110508877575.727 
72 0.9809905566333912 0.002280989027024624 0.008470283323317396 0.008258171016266693 20110508877575.74 
73 0.9776956903488934 0.002660401130511057 0.009910733948592978 0.009733174572002653 20110508877575.77 
74 0.9738762848790964 0.0030963253883909488 0.011572032432618909 0.011455357299893767 20110508877575.656 
75 0.9694597946656017 0.00359553026579759 0.013482593960023749 0.013462081108576688 20110508877575.74 
76 0.964366641864165 0.004165030331454829 0.0156729357156601 0.01579539208872018 20110508877575.664 
77 0.958510623714489 0.004811870854956451 0.01817521261818066 0.018502292812373797 20110508877575.652 
78 0.9517998174019684 0.005542813283213679 0.021022469357607144 0.021634899957210574 20110508877575.727 
79 0.944138176670536 0.006363886895711581 0.024247509778563714 0.025250426655188677 20110508877575.758 
80 0.9354280395961266 0.007279778629932515 0.027881270657243065 0.029410911116697844 20110508877575.734 
81 0.9255737431966582 0.008293055751471386 0.03195060319853103 0.034182597853339394 20110508877575.715 
82 0.914486452997043 0.00940325206702727 0.036475423228186865 0.039634871707742915 20110508877575.746 
83 0.9020901660716569 0.010605890257383148 0.04146528941327192 0.045838654257687954 20110508877575.742 
84 0.888328649121885 0.011891552603985136 0.046915596685758676 0.05286420158837132 20110508877575.72 
85 0.8731728499717992 0.013245143940968086 0.0528037122268758 0.06077829386035695 20110508877575.805 
86 0.8566280987886356 0.014645508731871704 0.05908551318352021 0.06964087929597255 20110508877575.73 
87 0.8387402332168665 0.01606556101527527 0.06569288285290599 0.07950132291495225 20110508877575.715 
88 0.8195996920633773 0.017473051567349573 0.07253275310796435 0.09039450326130866 20110508877575.758 
89 0.7993426819753784 0.01883202362991432 0.07948821160393411 0.10233708279077311 20110508877575.773 
90 0.7781487697569889 0.020104899630500078 0.08642200045026167 0.11532433016224934 20110508877575.676 
91 0.7562346851804508 0.021255014312210243 0.09318242386879405 0.12932787663854475 20110508877575.664 
92 0.7338446719309463 0.022249296184920924 0.09961129978950806 0.1442947320946246 20110508877575.81 
93 0.7112382818919177 0.02306073526338508 0.10555321372372277 0.16014776912097442 20110508877575.72 
94 0.6886769340129252 0.023670286967461415 0.11086505720275182 0.17678772181686156 20110508877575.746 
95 0.6664107430474029 0.024067953771130704 0.11542473591764021 0.19409656726382632 20110508877575.777 
96 0.644667021429328 0.024252935326264064 0.11913804703905055 0.21194199620535745 20110508877575.742 
97 0.6236415070088978 0.024232903263709513 0.12194302446274849 0.23018256526464417 20110508877575.727 
98 0.6034928724555324 0.024022594663240148 0.12381145852476683 0.2486730743564608 20110508877575.816 
99 0.5843405560410415 0.023641997386739073 0.12474771435039982 0.2672697322218196 20110508877575.734 
100 0.5662655276882644 0.023114412137000766 0.12478531203863065 0.28583474813610393 20110508877575.74 
101 0.549313332264645 0.0224646319972142 0.12398193824915812 0.3042400974889826 20110508877575.727 
102 0.5334986459162387 0.021717404128584895 0.12241362057866029 0.322370329376516 20110508877575.746 
103 0.5188106127101515 0.0208962555011541 0.120168736494489 0.3401243952942054 20110508877575.734 
104 0.5052183500678447 0.02002269389362898 0.11734239000565486 0.3574165660328715 20110508877575.723 
105 0.49267617316342144 0.01911574642049071 0.11403151731567406 0.37417656310041364 20110508877575.727 
106 0.48112825173787666 0.01819177165912044 0.11033091469746442 0.3903490619055384 20110508877575.754 
107 0.47051255337928377 0.01726447389440937 0.10633024155800579 0.405892731168301 20110508877575.715 
108 0.4607640344732702 0.016345052861946808 0.10211194959025494 0.42077896307452795 20110508877575.703 
109 0.45181711273649283 0.015442433722845915 0.0977500253503395 0.43499042819032185 20110508877575.766 
110 0.4436074981374048 0.014563535360682937 0.0933094027552008 0.4485195637467115 20110508877575.78 
111 0.43607347900011345 0.01371354766854317 0.08884589553598349 0.46136707779535985 20110508877575.734 
112 0.4291567642062134 0.012896198935902076 0.08440650920827816 0.4735405276496063 20110508877575.68 
113 0.4228029766555347 0.012114002376397376 0.08003001053425673 0.4850530104338112 20110508877575.75 
114 0.41696188209282625 0.011368476441404126 0.07574765445872372 0.49592198700704576 20110508877575.72 
115 0.411587424233411 0.010660337267229118 0.07158399057193497 0.506168247927425 20110508877575.742 
116 0.40663762384655455 0.009989663881398126 0.06755769121993871 0.5158150210521086 20110508877575.758 
117 0.40207438723126027 0.00935603807116065 0.06368236045892617 0.5248872142386529 20110508877575.777 
118 0.39786325889383684 0.008758661432652741 0.05996729686333719 0.5334107828101732 20110508877575.8 
119 0.3939731443740067 0.008196452319756298 0.0564181939069753 0.5414122093992616 20110508877575.766 
120 0.39037602200520366 0.0076681253685214916 0.05303776962181179 0.5489180830044631 20110508877575.723 
121 0.3870466567570932 0.0071722560981901445 0.049826322962199174 0.5559547641825175 20110508877575.695 
122 0.38396232497085353 0.0067073328535028915 0.04678221822415242 0.5625481239514911 20110508877575.742 
123 0.3811025555310196 0.006271798096843011 0.043902301406589135 0.5687233449655483 20110508877575.727 
124 0.37844889061044734 0.005864080806293749 0.0411822539069495 0.5745047746763093 20110508877575.758 
125 0.3759846673928325 0.005482621499009903 0.03861688970375533 0.5799158214044023 20110508877575.71 
126 0.37369482096613 0.005125891183834051 0.03620040241766728 0.5849788854323686 20110508877575.79 
127 0.37156570776417147 0.004792405354494906 0.033926568531462205 0.5897153183498715 20110508877575.734 
128 0.3695849484131139 0.004480733964636309 0.03178891271503492 0.5941454049072149 20110508877575.746 
129 0.3677412885349947 0.0041895081770196825 0.02978084073642489 0.5982883625515607 20110508877575.74 
130 0.36602447591240794 0.003917424549762022 0.027895744909223086 0.602162354628607 20110508877575.72 
131 0.36442515237875533 0.0036632472105708183 0.02612708647571333 0.6057845139349606 20110508877575.76 
132 0.3629347588337473 0.003425808473787873 0.024468458783661533 0.6091709739088033 20110508877575.727 
133 0.36154545186641246 0.003204008272927958 0.02291363460183795 0.6123369052588216 20110508877575.77 
134 0.3602500305793503 0.002996812711684495 0.021456600446234774 0.6152965562627305 20110508877575.773 
135 0.35904187233402013 0.002803251977581023 0.02009158036110328 0.6180632953272956 20110508877575.727 
136 0.3579148762678772 0.0026224178132064607 0.018813051218181377 0.620649654700735 20110508877575.74 
137 0.3568634135631064 0.002453460699022328 0.017615751262991627 0.6230673744748797 20110508877575.637 
138 0.3558822835696713 0.0022955868679374576 0.016494683346514546 0.6253274462158768 20110508877575.79 
139 0.3549666749991917 0.002148055244173927 0.015445114030531256 0.6274401557261029 20110508877575.74 
140 0.35411213150973486 0.002010174376473422 0.014462569541623893 0.6294151245721679 20110508877575.77 
141 0.3533145210944598 0.0018812994176014334 0.013542829368281434 0.6312613501196572 20110508877575.695 
142 0.3525700087689685 0.001760829187670006 0.012681918143774451 0.6329872438995869 20110508877575.758 
143 0.3518750321240275 0.0016482033473973088 0.01187609633074055 0.6346006681978346 20110508877575.77 
144 0.35122627937272755 0.001542899698510707 0.011121850118264814 0.636108970810497 20110508877575.71 
145 0.350620669574715 0.0014444316216191229 0.010415880855496653 0.6375190179481692 20110508877575.72 
146 0.3500553347663103 0.0013523456566412258 0.009755094274733481 0.638837225302315 20110508877575.777 
147 0.34952760376448105 0.0012662192269513697 0.00913658969891143 0.6400695873096562 20110508877575.785 
148 0.34903498744610695 0.001185658505525371 0.008557649381468729 0.641221704666899 20110508877575.734 
149 0.34857516533222466 0.0011102964193104227 0.008015728088686924 0.642298810159778 20110508877575.75 
150 0.34814597333090547 0.0010397907866256887 0.007508443004335183 0.6433057928781336 20110508877575.67 
