0 0.9999873705091066 1.2629490893285408e-05 0.0 0.0 20110459649203.74 
1 0.9999928519465664 2.8592213734394458e-06 3.70258882891439e-06 5.862432312447784e-07 20110508877575.74 
2 0.9999953561944936 9.72959183587047e-07 2.9074352571653855e-06 7.63411065627117e-07 20110508877575.72 
3 0.999996746771303 5.323879803655583e-07 2.001881562657515e-06 7.189591539976e-07 20110508877575.754 
4 0.9999976567578573 3.5552028834323356e-07 1.3808038201633123e-06 6.06918034083868e-07 20110508877575.754 
5 0.999998273101051 2.5422633195552056e-07 9.78649200807717e-07 4.94023416052038e-07 20110508877575.785 
6 0.999998691375014 1.88968652801648e-07 7.177207714568757e-07 4.0193556186925433e-07 20110508877575.79 
7 0.9999989736579693 1.4566483086928661e-07 5.467301685239131e-07 3.33947031122395e-07 20110508877575.79 
8 0.9999991621043973 1.1678368897104749e-07 4.339611043632311e-07 2.871508093606781e-07 20110508877575.74 
9 0.9999992852222773 9.766073360651223e-08 3.597732376110622e-07 2.573437514206174e-07 20110508877575.715 
10 0.9999993620506384 8.530547414728748e-08 3.118821042458082e-07 2.407617833429508e-07 20110508877575.69 
11 0.9999994051093922 7.779562274903152e-08 2.825594786090589e-07 2.345355064328188e-07 20110508877575.723 
12 0.9999994224525468 7.390875847021307e-08 2.669597439692894e-07 2.3667895072155587e-07 20110508877575.773 
13 0.999999419066589 7.28880660748999e-08 2.621021214267954e-07 2.4594322347894545e-07 20110508877575.742 
14 0.9999993978038911 7.429235034859968e-08 2.662435007482659e-07 2.6166025773634767e-07 20110508877575.8 
15 0.9999993599928862 7.790055133912005e-08 2.78489854944957e-07 2.8361670766938876e-07 20110508877575.746 
16 0.9999993058260798 8.365190249904491e-08 2.985568457998951e-07 3.1196517203805795e-07 20110508877575.68 
17 0.9999992345956101 9.16096524899969e-08 3.2662585875415824e-07 3.4716887866876873e-07 20110508877575.805 
18 0.999999144823203 1.0194062341711244e-07 3.6326263015263946e-07 3.8997354343780023e-07 20110508877575.66 
19 0.9999990343152524 1.1490570058708753e-07 4.093782761563244e-07 4.4140077094312403e-07 20110508877575.785 
20 0.9999989001625791 1.3085819179650968e-07 4.6622037171492384e-07 5.027588574630721e-07 20110508877575.76 
21 0.999998738696717 1.5024820899707128e-07 5.353867041961215e-07 5.756683697240761e-07 20110508877575.746 
22 0.99999854540923 1.7363203860940705e-07 6.188575673744645e-07 6.621011639153353e-07 20110508877575.742 
23 0.9999983148367746 2.016860257142719e-07 7.190446421843235e-07 7.644325574269815e-07 20110508877575.758 
24 0.9999980404118345 2.352248976539239e-07 8.388560456873362e-07 8.855072223471386e-07 20110508877575.676 
25 0.9999977142768613 2.7522475727924574e-07 9.81778280604004e-07 1.0287201007372137e-06 20110508877575.785 
26 0.9999973270577108 3.22851227319107e-07 1.151976753909479e-06 1.1981143078643704e-06 20110508877575.777 
27 0.999996867590536 3.7949345402940565e-07 1.3544173678703758e-06 1.3984986420585602e-06 20110508877575.832 
28 0.9999963225945974 4.4680490106129966e-07 1.5950125001073068e-06 1.6355880013159537e-06 20110508877575.695 
29 0.9999956762816067 5.267520990755001e-07 1.8807955403571194e-06 1.9161707539775807e-06 20110508877575.766 
30 0.9999949098901775 6.216727759638586e-07 2.2201290889816195e-06 2.2483079575090656e-06 20110508877575.797 
31 0.9999940011316238 7.343450883017586e-07 2.622952989123093e-06 2.6415702987583527e-06 20110508877575.72 
32 0.9999929235306029 8.680700183421012e-07 3.1010796029158084e-06 3.107319775811535e-06 20110508877575.766 
33 0.9999916456409048 1.0267694046037137e-06 3.668545196582119e-06 3.659044493876289e-06 20110508877575.74 
34 0.9999901301128813 1.2151025513398811e-06 4.342028018472639e-06 4.312756548857249e-06 20110508877575.742 
35 0.9999883325845051 1.438604928249953e-06 5.141345693962592e-06 5.08746487271705e-06 20110508877575.723 
36 0.9999862003626956 1.7038531445806142e-06 6.090046986541233e-06 6.00573717331978e-06 20110508877575.754 
37 0.999983670855168 2.018661182256944e-06 7.216115861862049e-06 7.0943677879351976e-06 20110508877575.727 
38 0.9999806697054762 2.3923138257094617e-06 8.552809231428109e-06 8.38517146662522e-06 20110508877575.727 
39 0.9999771085748789 2.835844361040879e-06 1.0139653852410312e-05 9.915926907622355e-06 20110508877575.73 
40 0.9999728825038848 3.3623649689962892e-06 1.2023632747559765e-05 1.1731498398512221e-05 20110508877575.74 
41 0.9999678667735038 3.987459846222724e-06 1.4260597336169225e-05 1.3885169313771164e-05 20110508877575.785 
42 0.9999619131709325 4.729653006507965e-06 1.6916948414081782e-05 1.644022764672e-05 20110508877575.812 
43 0.9999548455461926 5.610964995923982e-06 2.007163740205227e-05 1.947185140942279e-05 20110508877575.758 
44 0.9999464545245258 6.657575471212901e-06 2.381854915109826e-05 2.3069350851910698e-05 20110508877575.766 
45 0.9999364912135196 7.900611819240208e-06 2.826933935050552e-05 2.7338835310756367e-05 20110508877575.723 
46 0.9999246597131619 9.377087830051278e-06 3.3556813581437356e-05 3.240638542650099e-05 20110508877575.77 
47 0.9999106082004457 1.1131020984738284e-05 3.983895170923272e-05 3.8421826860270774e-05 20110508877575.78 
48 0.9998939183166523 1.3214762305194802e-05 4.7303701089798064e-05 4.55632199526145e-05 20110508877575.73 
49 0.9998740925338502 1.569057907475461e-05 5.6174685531576e-05 5.404220154338253e-05 20110508877575.625 
50 0.9998505391159972 1.8632538229694077e-05 6.671800473024147e-05 6.411034104263342e-05 20110508877575.76 
51 0.9998225542177771 2.2128747004731566e-05 7.925033167522932e-05 7.606670354297961e-05 20110508877575.695 
52 0.9997893005791393 2.6284017655805865e-05 9.414855406846104e-05 9.026684913644052e-05 20110508877575.688 
53 0.9997497821735942 3.122303493180507e-05 0.00011186125087455697 0.00010713354059950497 20110508877575.766 
54 0.9997028140516823 3.709411853503594e-05 0.00013292234748178288 0.00012716948230095818 20110508877575.805 
55 0.9996469864859573 4.4073688127250666e-05 0.0001579673531990368 0.0001509724727162563 20110508877575.62 
56 0.9995806223688892 5.237155538345622e-05 0.00018775265324069817 0.00017925342248673403 20110508877575.723 
57 0.999501726639855 6.223718579613153e-05 0.00022317840366836654 0.00021285777068060803 20110508877575.727 
58 0.9994079263229854 7.396709160796192e-05 0.00026531566067007905 0.00025279092473660334 20110508877575.746 
59 0.999296399547872 8.791353499484076e-05 0.00031543846213111107 0.00030024845500203917 20110508877575.723 
60 0.9991637917081944 0.0001044947350946771 0.00037506166420942606 0.00035665189250161177 20110508877575.758 
61 0.9990061167037652 0.00012420678002213927 0.00044598540930606423 0.00042369110690659227 20110508877575.86 
62 0.9988186410332814 0.00014763744019170044 0.0005303471497556715 0.0005033743767711594 20110508877575.65 
63 0.9985957483947652 0.0001754820544711478 0.0006306821518562623 0.0005980873989074001 20110508877575.73 
64 0.9983307824606009 0.0002085616059609521 0.0007499933266987746 0.000710662606739317 20110508877575.734 
65 0.9980158656934763 0.0002478430078963283 0.0008918310373727605 0.0008444602612547107 20110508877575.69 
66 0.9976416925408346 0.0002944614711791142 0.0010603831692696495 0.0010034628187166007 20110508877575.723 
67 0.9971972961699302 0.00034974461784320957 0.0012605751758578392 0.0011923840363687048 20110508877575.72 
68 0.9966697891311849 0.0004152377487006597 0.0014981790020248693 0.0014167941180897206 20110508877575.68 
69 0.9960440799219954 0.0004927294066775541 0.0017799287717577398 0.0016832618995693458 20110508877575.715 
70 0.995302569153209 0.0005842761825222331 0.002113640041635751 0.0019995146226330436 20110508877575.684 
71 0.9944248304320245 0.000692225720575298 0.002508328555376278 0.0023746152920240903 20110508877575.703 
72 0.9933872814400055 0.0008192372613512836 0.002974324242277232 0.0028191570563659203 20110508877575.773 
73 0.9921628491788468 0.0009682999143838196 0.0035233772094256897 0.0033454736973436445 20110508877575.812 
74 0.9907206295173869 0.0011427500964048996 0.004168755007352089 0.003967865378856091 20110508877575.71 
75 0.9890255356102645 0.0013462907373928057 0.0049253341822710975 0.0047028394700715315 20110508877575.65 
76 0.9870379247292632 0.0015830151046919419 0.00580969271038289 0.005569367455661806 20110508877575.74 
77 0.9847131921974295 0.0018574365102682932 0.006840211037712076 0.006589160254590115 20110508877575.727 
78 0.9820013279139428 0.002174521411601803 0.008037185782614116 0.007786964891841279 20110508877575.754 
79 0.9788464465958459 0.0025397182152503256 0.009422950713788424 0.009190884475115423 20110508877575.758 
80 0.9751863256892627 0.00295896882157257 0.011021985408688035 0.010832720080476822 20110508877575.79 
81 0.9709520127567579 0.003438685343505809 0.012860974871354382 0.012748327028381913 20110508877575.76 
82 0.9660675974224838 0.003985669781638819 0.014968763964551662 0.014977968831325763 20110508877575.754 
83 0.960450283631118 0.00460694887978022 0.01737612808589551 0.01756663940320643 20110508877575.695 
84 0.9540109432998227 0.005309491558729544 0.020115257419752203 0.020564307721695502 20110508877575.68 
85 0.9466553694733846 0.006099777102338003 0.023218833500778947 0.02402601992349847 20110508877575.758 
86 0.938286455895119 0.006983193595106852 0.02671857592777051 0.028011774582003587 20110508877575.703 
87 0.9288074942323696 0.007963268740987064 0.030643164863256096 0.03258607216338723 20110508877575.785 
88 0.9181266952609256 0.00904076512135162 0.03501550518438892 0.03781703443333375 20110508877575.773 
89 0.9061629106168425 0.010212704107296782 0.03984938695792138 0.043774998317939316 20110508877575.746 
90 0.8928523639764225 0.011471414272380137 0.04514570704569692 0.05053051470550052 20110508877575.785 
91 0.8781560020091828 0.012803729899874801 0.05088854009508312 0.05815172799585937 20110508877575.7 
92 0.8620668611379082 0.0141904890890387 0.057041472544191965 0.06670117722886104 20110508877575.75 
93 0.8446166481942838 0.015606489798063814 0.06354472039195669 0.07623214161569565 20110508877575.72 
94 0.8258806034106693 0.017021043024469804 0.07031360895533192 0.08678474460952902 20110508877575.766 
95 0.8059797147422477 0.018399204412452443 0.07723896315191411 0.09838211769338581 20110508877575.785 
96 0.7850795337081146 0.019703667526130515 0.08418980946361473 0.1110269893021403 20110508877575.79 
97 0.7633852175501856 0.02089717738151699 0.09101851910970968 0.12469908595858763 20110508877575.74 
98 0.7411329462396087 0.021945200159844826 0.09756815695185626 0.13935369664869005 20110508877575.76 
99 0.7185784339098747 0.02281850073642526 0.10368141197124384 0.15492165338245611 20110508877575.707 
100 0.6959837379226327 0.023495264868224234 0.10921016598699465 0.17131083122214835 20110508877575.72 
101 0.673603840813054 0.023962469682558676 0.11402459514246456 0.18840909436192269 20110508877575.766 
102 0.6516744719052222 0.02421634034143585 0.11802074366874744 0.2060884440845946 20110508877575.703 
103 0.6304023576637775 0.024261895936907522 0.12112575441810734 0.22420999198120756 20110508877575.742 
104 0.6099586274578503 0.024111738807652293 0.12330032320884154 0.24262931052565576 20110508877575.707 
105 0.5904755782617477 0.02378434194108308 0.12453836911132553 0.26120171068584364 20110508877575.73 
106 0.5720465371559728 0.023302122472197914 0.12486428539492543 0.2797870549769041 20110508877575.71 
107 0.5547282346656855 0.022689561187587096 0.12432838893701259 0.2982538152097148 20110508877575.746 
108 0.538544943116937 0.021971559439654013 0.12300129394025545 0.31648220350315354 20110508877575.77 
109 0.5234936252662655 0.021172141805048412 0.12096791193445412 0.33436632099423197 20110508877575.74 
110 0.5095494358178985 0.020313536716627913 0.11832166225636725 0.35181536520910645 20110508877575.758 
111 0.49667107163384094 0.019415610775355002 0.11515931162930253 0.36875400596150154 20110508877575.74 
112 0.48480563241296615 0.01849559909040102 0.11157668896265112 0.3851220795339817 20110508877575.69 
113 0.4738928032624969 0.017568060992231672 0.10766537045769704 0.4008737652875744 20110508877575.73 
114 0.46386828907629923 0.01664499196264729 0.10351031512020815 0.41597640384084544 20110508877575.75 
115 0.45466651424222954 0.015736032424646797 0.09918835504150528 0.4304090982916185 20110508877575.793 
116 0.4462226531239007 0.014848727115310796 0.09476740409497975 0.44416121566580885 20110508877575.785 
117 0.43847408345533706 0.013988801800125728 0.09030623518161006 0.457230879562927 20110508877575.72 
118 0.4313613634000393 0.013160435300878242 0.08585468127723207 0.4696235200218505 20110508877575.78 
119 0.42482882995929055 0.012366513556691583 0.08145413167872462 0.4813505248052933 20110508877575.664 
120 0.41882490671310074 0.011608858760030686 0.07713821611810186 0.49242801840876677 20110508877575.734 
121 0.4133021961532296 0.010888430879996889 0.07293359173237467 0.5028757812343989 20110508877575.715 
122 0.4082174184878401 0.01020550157809859 0.06886076873835001 0.5127163111957111 20110508877575.76 
123 0.4035312461639713 0.009559802084839255 0.06493492876494825 0.5219740229862411 20110508877575.695 
124 0.39920807218684246 0.008950647406425023 0.0611667046697729 0.5306745757369596 20110508877575.723 
125 0.39521574088401173 0.008377039545555288 0.05756290235561198 0.5388443172148211 20110508877575.777 
126 0.39152526206664107 0.007837752442621006 0.05412715393079116 0.5465098315599466 20110508877575.71 
127 0.38811052343161123 0.007331401203003819 0.050860497970363815 0.5536975773950212 20110508877575.785 
128 0.3849480113129392 0.006856497954718184 0.04776188710024226 0.5604336036321005 20110508877575.75 
129 0.38201654629908094 0.006411496428088687 0.044828626077121514 0.5667433311957089 20110508877575.734 
130 0.37929703756614563 0.005994827094053843 0.04205674534802703 0.5726513899917735 20110508877575.766 
131 0.37677225784184953 0.00560492445524519 0.03944131605204293 0.5781815016508622 20110508877575.742 
132 0.37442663954798483 0.0052402478614579995 0.03697671281709716 0.58335639977346 20110508877575.723 
133 0.3722460917351262 0.004899297021160234 0.03465683069380389 0.5881977805499098 20110508877575.746 
134 0.3702178368148144 0.004580623203450337 0.032475262296755555 0.5927262776849797 20110508877575.76 
135 0.36833026572592314 0.004282836969282577 0.030425440794023716 0.5969614565107707 20110508877575.727 
136 0.3665728099774739 0.0040046131351926815 0.028500753871413067 0.6009218230159206 20110508877575.746 
137 0.36493582893894355 0.0037446935553329453 0.02669463325033747 0.604624844255386 20110508877575.72 
138 0.3634105107623543 0.003501888206532641 0.02500062379150021 0.6080869772396128 20110508877575.773 
139 0.3619887853895248 0.003275074974576019 0.02341243569313557 0.6113237039427637 20110508877575.76 
140 0.36066324820126305 0.0030631984662825183 0.021923982805817106 0.6143495705266374 20110508877575.703 
141 0.35942709298747116 0.0028652681097631185 0.02052940964297932 0.6171782292597863 20110508877575.758 
142 0.3582740530470898 0.0026803557529975755 0.01922310927020093 0.6198224819297117 20110508877575.734 
143 0.3571983493568327 0.002507592927337295 0.017999733906910422 0.6222943238089196 20110508877575.746 
144 0.3561946448727383 0.0023461679065195744 0.01685419976958647 0.6246049874511558 20110508877575.72 
145 0.3552580041454359 0.0021953226621998553 0.015781687422632435 0.6267649857697319 20110508877575.727 
146 0.3543838575369158 0.002054349792926013 0.014777638678221138 0.628784153991937 20110508877575.75 
147 0.35356796942286833 0.0019225894840281055 0.013837750895553618 0.63067169019755 20110508877575.78 
148 0.3528064098500404 0.0017994265403337214 0.012957969369182067 0.6324361942404437 20110508877575.73 
149 0.35209552919308196 0.0016842875212823767 0.012134478361496167 0.6340857049241394 20110508877575.73 
150 0.3514319354206084 0.0015766379983359574 0.011363691222590502 0.6356277353584651 20110508877575.758 
151 0.3508124736366487 0.0014759799470796134 0.010642239948264328 0.6370693064680073 20110508877575.72 
152 0.35023420761198265 0.0013818492806670758 0.009966964450941732 0.6384169786564086 20110508877575.73 
153 0.34969440306135086 0.001293813526939458 0.009334901756249292 0.6396768816554604 20110508877575.734 
154 0.3491905124575916 0.0012114696483492657 0.008743275287605566 0.6408547426064536 20110508877575.785 
155 0.34872016120373533 0.0011344420015153144 0.008189484360505445 0.6419559124342438 20110508877575.754 
156 0.3482811350093405 0.001062380431622698 0.007671093975566062 0.6429853905834707 20110508877575.742 
157 0.34787136833867655 0.0009949584958102436 0.007185824973405997 0.6439478481921073 20110508877575.766 
158 0.3474889338165628 0.0009318718090273938 0.006731544593876464 0.6448476497805333 20110508877575.777 
159 0.3471320324928136 0.0008728365054919834 0.006306257466035495 0.645688873535659 20110508877575.793 
160 0.3467989848792415 0.0008175878087619036 0.005908097042730503 0.6464753302692662 20110508877575.742 
161 0.34648822268409984 0.0007658787034820244 0.005535317484027137 0.647210581128391 20110508877575.71 
162 0.3461982811781127 0.0007174787020357685 0.005186285986431866 0.6478979541334197 20110508877575.785 
163 0.34592779213418645 0.0006721726995802977 0.004859475549430542 0.6485405596168027 20110508877575.695 
164 0.3456754772896101 0.0006297599112467634 0.004553458166914958 0.6491413046322282 20110508877575.734 
165 0.34544014228535364 0.0005900528856212578 0.004266898428301606 0.6497029064007236 20110508877575.7 
166 0.3452206710420398 0.000552876588971042 0.003998547512283705 0.6502279048567053 20110508877575.73 
167 0.3450160205364128 0.0005180675550343431 0.0037472375550201375 0.6507186743535327 20110508877575.82 
168 0.34482521594592846 0.0004854730955400358 0.0035118763739711936 0.6511774345845605 20110508877575.74 
169 0.34464734613218295 0.00045495056696186095 0.0032914425284206583 0.6516062607724346 20110508877575.785 
170 0.34448155943691 0.0004263666893358149 0.0030849806978706052 0.6520070931758837 20110508877575.766 
171 0.3443270597665356 0.0003995969132762382 0.0028915973598696403 0.6523817459603184 20110508877575.707 
172 0.3441831029436478 0.00037452483161581164 0.002710456749385335 0.6527319154753511 20110508877575.695 
173 0.34404899330558075 0.0003510416323651436 0.002540777082492103 0.653059187979562 20110508877575.754 
174 0.3439240805320176 0.00032904558994011415 0.002381827027886988 0.6533650468501554 20110508877575.766 
175 0.3438077566851225 0.00030844159183941234 0.0022329224105319687 0.6536508793125062 20110508877575.74 
176 0.34369945344698166 0.000289140698171709 0.002093423132530099 0.6539179827223166 20110508877575.727 
177 0.34359863954046627 0.0002710597316323329 0.001962730297157833 0.6541675704307435 20110508877575.74 
178 0.3435048183206445 0.0002541208957143246 0.0018402835227797159 0.6544007772608615 20110508877575.7 
179 0.34341752552495514 0.00023825141910915779 0.001725558434160749 0.6546186646217751 20110508877575.79 
180 0.34333632717120727 0.00022338322440936513 0.001618064319452501 0.6548222252849308 20110508877575.777 
181 0.34326081759328686 0.00020945261936961018 0.0015173419418622943 0.6550123878454813 20110508877575.79 
182 0.3431906176053011 0.0001964000091156394 0.0014229614957136992 0.6551900208898696 20110508877575.688 
183 0.34312537278542204 0.0001841696278126112 0.0013345206972716873 0.6553559368894936 20110508877575.72 
184 0.34306475187145924 0.00017270928841667626 0.0012516430013348714 0.6555108958387892 20110508877575.71 
185 0.3430084452606944 0.0001619701492369279 0.001173975935190977 0.6556556086548776 20110508877575.754 
186 0.34295616360704895 0.0001519064961299891 0.001101189542090784 0.6557907403547303 20110508877575.81 
187 0.34290763650916056 0.00014247553923681704 0.0010329749269205179 0.6559169130246819 20110508877575.742 
188 0.34286261128335765 0.0001336372232519871 0.0009690428972441049 0.6560347085961463 20110508877575.73 
189 0.3428208518160095 0.00012535405028973428 0.0009091226933480218 0.6561446714403528 20110508877575.7 
190 0.34278213748998493 0.00011759091447942748 0.0008529608013510185 0.6562473107941845 20110508877575.79 
191 0.34274626218044696 0.0001103149474861233 0.0008003198438437098 0.6563431030282233 20110508877575.734 
192 0.3427130333154367 0.00010349537420988444 0.0007509775428976568 0.6564324937674558 20110508877575.76 
193 0.34268227099703374 9.710337797123528e-05 0.0007047257506338666 0.6565158998743612 20110508877575.66 
194 0.34265380717919147 9.111197453950415e-05 0.0006613695428665679 0.6565937113034024 20110508877575.78 
195 0.3426274848985583 8.549589440661613e-05 0.000620726371642089 0.6566662928353929 20110508877575.78 
196 0.3426031575548635 8.023147275106414e-05 0.0005826252727756336 0.65673398569961 20110508877575.766 
197 0.34258068823766635 7.529654657590501e-05 0.0005469061247525867 0.6567971090910052 20110508877575.664 
198 0.34255994909651594 7.067035854073429e-05 0.0005134189556063219 0.6568559615893369 20110508877575.75 
199 0.342540820751653 6.633346704108039e-05 0.0004820232946131266 0.6569108224866929 20110508877575.71 
200 0.3425231917427189 6.22676621196023e-05 0.00045258756585756735 0.6569619530293038 20110508877575.74 
201 0.342506958012993 5.8455886822224307e-05 0.0004249885209199083 0.6570095975792648 20110508877575.71 
202 0.3424920224268711 5.488216363891558e-05 0.00039911070812159857 0.6570539847013684 20110508877575.74 
203 0.342478294318473 5.153152569353028e-05 0.00037484597593656134 0.6570953281798969 20110508877575.742 
204 0.34246568906937574 4.838995237000345e-05 0.0003520930083361465 0.657133827969918 20110508877575.664 
205 0.34245412771355693 4.544430908347007e-05 0.0003307568899843884 0.6571696710873752 20110508877575.76 
206 0.3424435365678905 4.2682290924608794e-05 0.00031074869933918776 0.6572030324418457 20110508877575.78 
207 0.34243384688648415 4.009236992383604e-05 0.00029198512784410567 0.657234075615748 20110508877575.727 
208 0.34242499453734954 3.766374569904982e-05 0.0002743881235160326 0.6572629535934353 20110508877575.754 
209 0.34241691969997534 3.5386299266443356e-05 0.00025788455734621866 0.6572898094434119 20110508877575.73 
210 0.34240956658248467 3.325054980864896e-05 0.00024240591103664983 0.6573147769566701 20110508877575.71 
211 0.3424028831570579 3.124761420820642e-05 0.00022788798469140474 0.6573379812440425 20110508877575.746 
212 0.34239682091252804 2.9369169167078264e-05 0.0002142706231734128 0.6573595392951314 20110508877575.707 
213 0.34239133462297816 2.7607415744848617e-05 0.00020149745992185868 0.6573795605013549 20110508877575.746 
214 0.3423863821313664 2.5955046159287728e-05 0.0001895156771045265 0.6573981471453697 20110508877575.766 
215 0.3423819241471674 2.440521270327499e-05 0.00017827578105309496 0.6574153948590763 20110508877575.71 
216 0.34237792405715867 2.2951498641691995e-05 0.0001677313919982136 0.6574313930522016 20110508877575.793 
217 0.3423743477485158 2.158789096083472e-05 0.00015783904718537519 0.6574462253133381 20110508877575.74 
218 0.3423711634433754 2.0308754851248642e-05 0.00014855801651248856 0.6574599697852608 20110508877575.676 
219 0.34236834154420076 1.910880981268164e-05 0.0001398501298859933 0.6574726995161007 20110508877575.758 
220 0.3423658544891858 1.798310727710047e-05 0.0001316796155445743 0.6574844827879925 20110508877575.74 
221 0.34236367661709693 1.6927009652500935e-05 0.00012401294864820538 0.6574953834246023 20110508877575.78 
222 0.3423617840409187 1.5936170696559455e-05 0.00011681870947584325 0.657505461078909 20110508877575.676 
223 0.34236015452974666 1.5006517135079579e-05 0.00011006745061754453 0.6575147715025007 20110508877575.715 
224 0.34235876739841836 1.413423144569569e-05 0.00010373157258651804 0.6575233667975494 20110508877575.734 
225 0.34235760340430776 1.3315735732440722e-05 9.778520731368293e-05 0.6575312956526461 20110508877575.723 
226 0.3423566446509248 1.254767662159109e-05 9.22041090219926e-05 0.6575386035634315 20110508877575.74 
227 0.34235587449780647 1.1826911113691942e-05 8.69655520101478e-05 0.6575453330390696 20110508877575.742 
228 0.34235527747629924 1.1150493330854986e-05 8.204823490560873e-05 0.6575515237954643 20110508877575.71 
229 0.3423548392108887 1.0515662102348156e-05 7.743219097506405e-05 0.657557212936034 20110508877575.71 
230 0.34235454634567886 9.919829335148217e-06 7.309870410703142e-05 0.6575624351208789 20110508877575.74 
231 0.3423543864757235 9.360569119559307e-06 6.903023010589916e-05 0.6575672227250511 20110508877575.727 
232 0.34235434808283954 8.835607523194757e-06 6.521032295990896e-05 0.6575716059866774 20110508877575.723 
233 0.3423544204756824 8.342813029613032e-06 6.162356576714745e-05 0.6575756131455208 20110508877575.76 
234 0.3423545937337594 7.880187580696599e-06 5.825550602385374e-05 0.657579270572636 20110508877575.766 
235 0.342354858655129 7.445858184475951e-06 5.5092594998234866e-05 0.6575826028916884 20110508877575.74 
236 0.3423552067075456 7.038069052549579e-06 5.212213093068456e-05 0.6575856330924712 20110508877575.746 
237 0.3423556299828755 6.65517423353905e-06 4.9332205817827985e-05 0.6575883826370731 20110508877575.723 
238 0.3423561211544851 6.295630711156655e-06 4.671165555328949e-05 0.6575908715592506 20110508877575.793 
239 0.34235667343748216 5.9579919374683044e-06 4.425001321256639e-05 0.6575931185573677 20110508877575.734 
240 0.3423572805515617 5.640901773805575e-06 4.193746528293056e-05 0.6575951410813816 20110508877575.695 
241 0.3423579366863711 5.343088813536411e-06 3.976481065195194e-05 0.6575969554141634 20110508877575.777 
242 0.34235863646912046 5.063361062541802e-06 3.772342218011435e-05 0.6575985767476369 20110508877575.742 
243 0.3423593749343991 4.8006009547832455e-06 3.5805210694066794e-05 0.6576000192539522 20110508877575.75 
244 0.3423601474959595 4.553760681780871e-06 3.4002591247476485e-05 0.6576012961521114 20110508877575.68 
245 0.3423609499204244 4.321857816168318e-06 3.2308451506138016e-05 0.6576024197702534 20110508877575.73 
246 0.34236177830272485 4.103971210748593e-06 3.0716122123124115e-05 0.6576034016039412 20110508877575.715 
247 0.34236262904319753 3.899237155652645e-06 2.9219348978259694e-05 0.6576042523706686 20110508877575.746 
248 0.34236349882619305 3.706845777307624e-06 2.7812267164193008e-05 0.6576049820608655 20110508877575.723 
249 0.34236438460015983 3.5260376639519813e-06 2.6489376608790093e-05 0.6576055999855674 20110508877575.727 
250 0.3423652835590168 3.356100703403347e-06 2.5245519230578715e-05 0.6576061148210491 20110508877575.773 
251 0.3423661931248427 3.196367119688959e-06 2.4075857530504107e-05 0.657606534650507 20110508877575.703 
252 0.34236711093164995 3.0462106959971463e-06 2.2975854529391173e-05 0.6576068670031247 20110508877575.754 
253 0.3423680348103433 2.905044172201309e-06 2.1941254966241634e-05 0.6576071188905183 20110508877575.76 
254 0.34236896277462475 2.772316805950741e-06 2.096806767786543e-05 0.6576072968408913 20110508877575.777 
255 0.3423698930078936 2.6475120870199366e-06 2.0052549085382418e-05 0.6576074069309341 20110508877575.688 
256 0.34237082385102185 2.5301455952578847e-06 1.919118771782726e-05 0.6576074548156651 20110508877575.715 
257 0.3423717537909596 2.4197629930909646e-06 1.838068970752173e-05 0.6576074457563399 20110508877575.72 
258 0.3423726814501268 2.3159381441033702e-06 1.7617965195984566e-05 0.657607384646533 20110508877575.777 
259 0.3423736055765112 2.218271349755162e-06 1.6900115593042097e-05 0.6576072760365461 20110508877575.73 
260 0.34237452503446625 2.1263876967987804e-06 1.6224421635406693e-05 0.6576071241562015 20110508877575.75 
261 0.34237543879611826 2.039935508425632e-06 1.558833219439724e-05 0.6576069329361789 20110508877575.742 
262 0.34237634593337696 1.9585848926124624e-06 1.4989453785643929e-05 0.6576067060279448 20110508877575.727 
263 0.34237724561049454 1.8820263815512853e-06 1.4425540736603988e-05 0.6576064468223872 20110508877575.742 
264 0.34237813707713455 1.80996965643082e-06 1.3894485970498836e-05 0.6576061584672386 20110508877575.754 
265 0.3423790196619151 1.7421423522000884e-06 1.339431236789547e-05 0.6576058438833648 20110508877575.746 
266 0.3423798927664187 1.6782889372830893e-06 1.2923164669602437e-05 0.6576055057799743 20110508877575.727 
267 0.3423807558595916 1.6181696635301795e-06 1.247930188684255e-05 0.6576051466688579 20110508877575.74 
268 0.3423816084725664 1.561559581990142e-06 1.2061090186806874e-05 0.6576047688776647 20110508877575.703 
269 0.34238245019380414 1.5082476203639317e-06 1.1666996223711558e-05 0.6576043745623517 20110508877575.785 
270 0.3423832806646233 1.4580357182632414e-06 1.129558088735746e-05 0.6576039657187712 20110508877575.812 
271 0.34238409957500815 1.4107380166398918e-06 1.094549344295915e-05 0.6576035441935323 20110508877575.656 
272 0.34238490665972504 1.3661800979824789e-06 1.0615466037662535e-05 0.6576031116941393 20110508877575.73 
273 0.34238570169471766 1.3241982740898844e-06 1.0304308550719475e-05 0.6576026697984576 20110508877575.812 
274 0.34238648449375925 1.2846389184328655e-06 1.0010903765737657e-05 0.6576022199635566 20110508877575.8 
275 0.3423872549053216 1.2473578403028158e-06 9.734202844781557e-06 0.6576017635339931 20110508877575.74 
276 0.34238801280970493 1.2122196981233137e-06 9.473221085378245e-06 0.6576013017495116 20110508877575.78 
277 0.34238875811633585 1.1790974494652869e-06 9.227033942669677e-06 0.657600835752272 20110508877575.77 
278 0.3423894907612933 1.1478718354611436e-06 8.994773300072704e-06 0.6576003665935712 20110508877575.8 
279 0.34239021070498193 1.1184308974586246e-06 8.775623972856392e-06 0.6575998952401476 20110508877575.695 
280 0.34239091793000376 1.0906695238906912e-06 8.568820430024776e-06 0.6575994225800424 20110508877575.777 
281 0.34239161243916627 1.0644890254653864e-06 8.373643720814282e-06 0.6575989494280875 20110508877575.727 
282 0.3423922942536422 1.0397967368983712e-06 8.18941859297459e-06 0.6575984765310281 20110508877575.75 
283 0.3423929634112742 1.0165056435233922e-06 8.015510790810626e-06 0.6575980045722915 20110508877575.746 
284 0.34239361996497664 9.945340312198538e-07 7.851324521717072e-06 0.6575975341764704 20110508877575.727 
285 0.3423942639813006 9.738051581952402e-07 7.696300080646821e-06 0.6575970659134606 20110508877575.79 
286 0.34239489553905944 9.542469472521766e-07 7.5499116226177915e-06 0.6575966003023705 20110508877575.75 
287 0.34239551472810154 9.357916972554998e-07 7.411665073984272e-06 0.6575961378151274 20110508877575.77 
288 0.3423961216481389 9.183758125962062e-07 7.281096173782575e-06 0.6575956788798747 20110508877575.77 
289 0.342396716407693 9.019395495240446e-07 7.157768637005341e-06 0.6575952238841204 20110508877575.758 
290 0.3423972991231009 8.864267782919622e-07 7.041272432171656e-06 0.6575947731776887 20110508877575.74 
291 0.34239786991761983 8.717847601216961e-07 6.931222166039518e-06 0.6575943270754538 20110508877575.766 
292 0.3423984289205785 8.579639380621109e-07 6.8272555687549414e-06 0.6575938858599149 20110508877575.695 
293 0.3423989762666187 8.449177408703052e-07 6.729032073155183e-06 0.6575934497835675 20110508877575.723 
294 0.342399512094973 8.326023991000254e-07 6.636231482336356e-06 0.6575930190711454 20110508877575.74 
295 0.3424000365488199 8.209767726331556e-07 6.548552719965507e-06 0.6575925939216876 20110508877575.69 
296 0.34240054977469003 8.10002188938064e-07 6.465712658164257e-06 0.6575921745104628 20110508877575.746 
297 0.34240105192190756 7.996422913836237e-07 6.3874450181158585e-06 0.6575917609907831 20110508877575.832 
298 0.3424015431420841 7.898628969796695e-07 6.313499338849976e-06 0.65759135349568 20110508877575.723 
299 0.3424020235886662 7.806318629542715e-07 6.243640009946323e-06 0.657590952139461 20110508877575.69 
300 0.34240249341649853 7.719189616152855e-07 6.177645364165549e-06 0.6575905570191757 20110508877575.742 
301 0.3424029527814514 7.636957629780943e-07 6.115306826264031e-06 0.6575901682159594 20110508877575.742 
302 0.34240340184005935 7.559355246741403e-07 6.056428114485676e-06 0.6575897857963015 20110508877575.74 
303 0.3424038407492029 7.486130886852162e-07 6.0008244914435406e-06 0.6575894098132169 20110508877575.73 
304 0.34240426966582255 7.4170478447705e-07 5.94832206130904e-06 0.6575890403073318 20110508877575.78 
305 0.34240468874663016 7.351883381324112e-07 5.89875711042019e-06 0.6575886773079214 20110508877575.742 
306 0.3424050981479014 7.290427871091297e-07 5.851975488602319e-06 0.6575883208338228 20110508877575.742 
307 0.34240549802523523 7.232484002717851e-07 5.807832028661661e-06 0.6575879708943358 20110508877575.707 
308 0.3424058885333604 7.177866028679738e-07 5.766190001674172e-06 0.6575876274900351 20110508877575.758 
309 0.34240626982597167 7.126399061405086e-07 5.726920605839026e-06 0.6575872906135164 20110508877575.707 
310 0.3424066420555531 7.077918412864449e-07 5.689902486805331e-06 0.6575869602501189 20110508877575.734 
311 0.34240700537325247 7.032268974918146e-07 5.655021287514605e-06 0.6575866363785625 20110508877575.723 
312 0.3424073599287465 6.989304637879393e-07 5.622169225719325e-06 0.6575863189715638 20110508877575.777 
313 0.34240770587014385 6.948887744911758e-07 5.5912446974577e-06 0.6575860079963843 20110508877575.727 
314 0.3424080433438526 6.910888580027985e-07 5.5621519048685475e-06 0.6575857034153845 20110508877575.758 
315 0.34240837249454037 6.875184887597469e-07 5.534800506834501e-06 0.6575854051864641 20110508877575.777 
316 0.34240869346501945 6.841661421400279e-07 5.5091052910329455e-06 0.6575851132635474 20110508877575.746 
317 0.34240900639621036 6.810209521388924e-07 5.484985866066197e-06 0.6575848275969715 20110508877575.74 
318 0.3424093114270721 6.780726716433713e-07 5.462366372423303e-06 0.657584548133884 20110508877575.773 
319 0.34240960869456466 6.753116351435848e-07 5.441175211104022e-06 0.657584274818589 20110508877575.688 
320 0.34240989833359303 6.727287237292618e-07 5.421344788809529e-06 0.6575840075928945 20110508877575.78 
321 0.3424101804770061 6.703153322295937e-07 5.402811278672929e-06 0.6575837463963828 20110508877575.742 
322 0.3424104552555492 6.680633383631148e-07 5.385514395564313e-06 0.6575834911667169 20110508877575.71 
323 0.3424107227978553 6.659650737729062e-07 5.3693971850695305e-06 0.6575832418398859 20110508877575.785 
324 0.3424109832304224 6.640132968300966e-07 5.354405825294113e-06 0.6575829983504554 20110508877575.78 
325 0.34241123667763534 6.622011670959837e-07 5.340489440699177e-06 0.6575827606317568 20110508877575.723 
326 0.3424114832617259 6.60522221339891e-07 5.327599927224955e-06 0.6575825286161254 20110508877575.754 
327 0.3424117231028011 6.58970351016414e-07 5.31569178800388e-06 0.6575823022350599 20110508877575.723 
328 0.34241195631883264 6.57539781111644e-07 5.3047219790087655e-06 0.6575820814194072 20110508877575.76 
329 0.34241218302569265 6.562250502736756e-07 5.2946497640225495e-06 0.6575818660994931 20110508877575.734 
330 0.3424124033371327 6.55020992147857e-07 5.285436578354695e-06 0.6575816562052968 20110508877575.67 
331 0.34241261736481665 6.53922717842474e-07 5.277045900764025e-06 0.6575814516665647 20110508877575.71 
332 0.3424128252183454 6.529255994548812e-07 5.2694431330833425e-06 0.6575812524129221 20110508877575.79 
333 0.34241302700526305 6.52025254592742e-07 5.2625954870705736e-06 0.6575810583739953 20110508877575.742 
334 0.34241322283109554 6.512175318289037e-07 5.256471878042229e-06 0.6575808694794946 20110508877575.727 
335 0.3424134127993499 6.50498497032416e-07 5.251042824871932e-06 0.6575806856593284 20110508877575.766 
336 0.3424135970115734 6.498644205218133e-07 5.246280355964103e-06 0.6575805068436501 20110508877575.73 
337 0.3424137755673562 6.493117649899092e-07 5.2421579208344395e-06 0.6575803329629579 20110508877575.734 
338 0.3424139485643707 6.488371741528595e-07 5.238650306954569e-06 0.6575801639481481 20110508877575.734 
339 0.34241411609839895 6.484374620789137e-07 5.2357335615388085e-06 0.6575799997305773 20110508877575.742 
340 0.34241427826337045 6.481096031552352e-07 5.23338491796987e-06 0.6575798402421085 20110508877575.746 
341 0.34241443515137937 6.478507226536389e-07 5.231582726580491e-06 0.6575796854151712 20110508877575.78 
342 0.34241458685273407 6.476580878587136e-07 5.2303063895256194e-06 0.6575795351827884 20110508877575.75 
343 0.34241473345598594 6.475290997238514e-07 5.229536299495041e-06 0.6575793894786147 20110508877575.69 
344 0.34241487504794627 6.474612850230162e-07 5.229253782033825e-06 0.6575792482369868 20110508877575.79 
345 0.3424150117137513 6.474522889681062e-07 5.229441041250794e-06 0.6575791113929186 20110508877575.76 
346 0.34241514353687297 6.474998682635062e-07 5.230081108709396e-06 0.65757897888215 20110508877575.82 
347 0.3424152705991676 6.476018845713294e-07 5.231157795309289e-06 0.6575788506411525 20110508877575.723 
348 0.34241539298088897 6.477562983624162e-07 5.232655645976507e-06 0.6575787266071667 20110508877575.727 
349 0.34241551076076376 6.479611631298776e-07 5.234559896994438e-06 0.6575786067181763 20110508877575.734 
350 0.3424156240159787 6.482146199430493e-07 5.236856435815435e-06 0.6575784909129655 20110508877575.75 
351 0.34241573282225657 6.485148923216469e-07 5.239531763204801e-06 0.6575783791310879 20110508877575.754 
352 0.34241583725386887 6.488602814106836e-07 5.242572957577472e-06 0.657578271312892 20110508877575.78 
353 0.34241593738367365 6.492491614380891e-07 5.245967641396158e-06 0.6575781673995235 20110508877575.777 
354 0.34241603328315634 6.49679975438346e-07 5.249703949508574e-06 0.6575780673329187 20110508877575.758 
355 0.34241612502245705 6.501512312260253e-07 5.253770499308096e-06 0.6575779710558125 20110508877575.73 
356 0.3424162126704179 6.506614976045548e-07 5.2581563626104946e-06 0.657577878511722 20110508877575.67 
357 0.3424162962945923 6.512094007961414e-07 5.262851039145186e-06 0.6575777896449678 20110508877575.72 
358 0.3424163759613118 6.51793621079929e-07 5.267844431566352e-06 0.6575777044006355 20110508877575.74 
359 0.34241645173569313 6.524128896259732e-07 5.2731268218944415e-06 0.6575776227245953 20110508877575.8 
360 0.3424165236816786 6.530659855136776e-07 5.2786888493054575e-06 0.6575775445634865 20110508877575.72 
361 0.3424165918620781 6.537517329238835e-07 5.284521489189158e-06 0.6575774698646996 20110508877575.75 
362 0.34241665633858837 6.544689984944745e-07 5.290616033403145e-06 0.6575773985763798 20110508877575.734 
363 0.34241671717182537 6.552166888300588e-07 5.296964071654011e-06 0.6575773306474143 20110508877575.766 
364 0.34241677442137664 6.559937481569332e-07 5.303557473941428e-06 0.6575772660274014 20110508877575.645 
365 0.342416828145797 6.567991561147308e-07 5.310388374003656e-06 0.6575772046666729 20110508877575.7 
366 0.3424168784026723 6.576319256773552e-07 5.3174491537098035e-06 0.6575771465162483 20110508877575.72 
367 0.3424169252486329 6.584911011954713e-07 5.324732428343344e-06 0.6575770915278375 20110508877575.723 
368 0.3424169687393761 6.593757565539601e-07 5.3322310327291e-06 0.6575770396538345 20110508877575.773 
369 0.3424170089297159 6.602849934377681e-07 5.339938008155764e-06 0.6575769908472825 20110508877575.74 
370 0.3424170458735993 6.612179397001226e-07 5.347846590050499e-06 0.6575769450618709 20110508877575.715 
371 0.3424170796241269 6.621737478274643e-07 5.35595019636483e-06 0.6575769022519291 20110508877575.67 
372 0.34241711023359306 6.631515934957578e-07 5.3642424166328005e-06 0.6575768623723968 20110508877575.71 
373 0.3424171377535118 6.641506742132279e-07 5.372717001665772e-06 0.6575768253788125 20110508877575.79 
374 0.342417162234638 6.651702080447195e-07 5.381367853849569e-06 0.6575767912273002 20110508877575.77 
375 0.34241718372699265 6.662094324133973e-07 5.390189018011901e-06 0.6575767598745569 20110508877575.77 
376 0.34241720227989125 6.672676029756165e-07 5.399174672831652e-06 0.6575767312778329 20110508877575.746 
