0 0.9994470334490627 0.0005529665509373251 0.0 0.0 20106478754893.74 
1 0.9995513997915593 0.00018546171007149335 0.0002251121765200574 3.802632184919109e-05 20110508877575.74 
2 0.9995399043216289 0.00010583103363980416 0.00027401929122986186 8.024535350129882e-05 20110508877575.742 
3 0.9994800947609989 9.36650484605227e-05 0.0003007700860179697 0.0001254701045227457 20110508877575.73 
4 0.9993969644898255 9.74535038937935e-05 0.000330522967316184 0.00017505903896452646 20110508877575.793 
5 0.9992960914893021 0.00010652613172671489 0.00036727720752941206 0.00023010517144161718 20110508877575.742 
6 0.9991779530988785 0.00011856729925396706 0.000411904392251759 0.00029157520961564556 20110508877575.77 
7 0.9990410170164794 0.00013321466254515496 0.0004651996891011795 0.0003605686318743156 20110508877575.79 
8 0.9988825408028241 0.00015066349791313118 0.0005283470842952218 0.0004384486149676029 20110508877575.734 
9 0.9986988134482148 0.0001713312145921432 0.0006029540944954108 0.0005269012426976332 20110508877575.81 
10 0.9984852092958951 0.0001957737741268899 0.000691043454040786 0.000627973475937469 20110508877575.77 
11 0.9982361496493409 0.00022467015529204417 0.0007950660847831068 0.0007441141105839119 20110508877575.684 
12 0.9979450035578069 0.0002588288321274171 0.0009179403922105773 0.0008782272178550275 20110508877575.83 
13 0.9976039405595453 0.0002992037549328093 0.0010631142695679179 0.0010337414159540723 20110508877575.703 
14 0.9972037406761001 0.0003469161934046663 0.001234646772245485 0.001214696358249939 20110508877575.734 
15 0.9967335630334218 0.0004032813480054142 0.0014373080450639755 0.0014258475735089108 20110508877575.79 
16 0.9961806721510611 0.00046983942507147053 0.001676697291639538 0.0016727911322280285 20110508877575.695 
17 0.9955301195729467 0.0005483911025686779 0.0019593792475638963 0.001962110076920728 20110508877575.75 
18 0.9947643778994394 0.0006410373081858934 0.0022930398281801245 0.002301544964194671 20110508877575.715 
19 0.993862924383275 0.000750223066401212 0.0026866614029844474 0.002700191147339386 20110508877575.75 
20 0.9928017721540329 0.0008787848460831197 0.0031507174711691184 0.0031687255287149146 20110508877575.684 
21 0.9915529490256967 0.0010300003233929482 0.0036973852814268095 0.0037196653694833628 20110508877575.746 
22 0.9900839270135899 0.0012076387160428242 0.0043407729995519435 0.004367661270815321 20110508877575.74 
23 0.9883570105386288 0.0014160087812501298 0.005097155170537373 0.005129825509583639 20110508877575.668 
24 0.9863286983225706 0.001660000131424716 0.00598520619215307 0.006026095353851564 20110508877575.742 
25 0.9839490437397367 0.0019451116442458117 0.007026216031413773 0.0070796285846036104 20110508877575.723 
26 0.9811610514541863 0.0022774583889510905 0.008244265203855334 0.008317224953007341 20110508877575.746 
27 0.9779001649815299 0.0026637456810974735 0.009666326915945208 0.009769762421427523 20110508877575.703 
28 0.9740939204846791 0.0031111957510899678 0.011322253274096151 0.01147263049013461 20110508877575.617 
29 0.9696618660977704 0.0036274093935277866 0.013244590024373748 0.013466134484328067 20110508877575.793 
30 0.9645158717156328 0.00422014246038177 0.015468151506195228 0.015795834317789966 20110508877575.688 
31 0.9585609781658756 0.004896976145087008 0.018029276465331895 0.018512769223705556 20110508877575.727 
32 0.9516969514661394 0.005664862065240624 0.020964679448567534 0.021673507020052416 20110508877575.742 
33 0.9438207094285095 0.006529529920615018 0.024309816502624277 0.025339944148251355 20110508877575.77 
34 0.9348297640456606 0.007494758762319813 0.02809670381160438 0.029578773380415216 20110508877575.79 
35 0.9246267631576423 0.008561533872273428 0.032351169915876984 0.03446053305420735 20110508877575.793 
36 0.9131251107354368 0.009727139625255026 0.037089590680362244 0.040058158958946016 20110508877575.754 
37 0.9002554957369653 0.01098427166906909 0.04231525104247689 0.04644498155148872 20110508877575.746 
38 0.8859729755334675 0.012320283446220163 0.0480145911104125 0.053692149909899824 20110508877575.69 
39 0.870264065705149 0.013716704234639724 0.054153709852209075 0.06186552020800224 20110508877575.727 
40 0.853153119139877 0.015149169874764399 0.060675593506293306 0.07102211747906523 20110508877575.79 
41 0.8347071739445322 0.01658788674416244 0.06749858127517802 0.08120635803612736 20110508877575.805 
42 0.8150384484723926 0.01799870178445654 0.07451655423175403 0.09244629551139688 20110508877575.73 
43 0.7943037902886104 0.019344777987968898 0.08160121892517826 0.10475021279824238 20110508877575.785 
44 0.7727006573240305 0.02058878134853464 0.08860665052930149 0.11810391079813337 20110508877575.723 
45 0.7504596137901228 0.02169538354632836 0.09537597312007 0.1324690295434787 20110508877575.797 
46 0.727833813984495 0.022633795166071176 0.10174972125662134 0.14778266959281253 20110508877575.8 
47 0.70508643317601 0.02337999535422311 0.10757510884080546 0.16395846262896135 20110508877575.69 
48 0.6824773665070617 0.023918341689935396 0.11271520797039622 0.18088908383260668 20110508877575.73 
49 0.6602506468567703 0.02424233732212006 0.11705698488459056 0.19845003093651908 20110508877575.73 
50 0.6386238843737859 0.024354482112195305 0.12051728539623244 0.2165043481177864 20110508877575.73 
51 0.6177806434506083 0.02426529852354564 0.12304618217053628 0.23490787585530973 20110508877575.668 
52 0.5978661577175918 0.023991754005768924 0.12462751122573575 0.25351457705090363 20110508877575.74 
53 0.5789862755220506 0.02355536738365932 0.12527683208101273 0.27218152501327736 20110508877575.68 
54 0.5612091370903316 0.022980281137834794 0.12503735621588555 0.2907732255559481 20110508877575.766 
55 0.5445688639999382 0.022291521810797976 0.12397455387205908 0.30916506031720487 20110508877575.707 
56 0.5290704882740007 0.021513585806081936 0.12217016838909066 0.32724575753082663 20110508877575.727 
57 0.5146954210780038 0.020669404389827135 0.11971627357442124 0.34491890095774785 20110508877575.78 
58 0.5014069054490817 0.019779676759093208 0.11670985140190873 0.3621035663899164 20110508877575.74 
59 0.48915506528278213 0.018862519579026366 0.11324819059640759 0.3787342245417838 20110508877575.76 
60 0.47788132007782913 0.017933363370353922 0.10942524506860693 0.3947600714832099 20110508877575.777 
61 0.46752206336101065 0.01700502460025974 0.10532896344921135 0.41014394858951814 20110508877575.734 
62 0.45801159626139665 0.016087890666289018 0.10103951307886755 0.4248609999934468 20110508877575.74 
63 0.449284368267263 0.015190167663805303 0.09662827101227987 0.43889719305665176 20110508877575.74 
64 0.44127661066829577 0.014318154136829348 0.09215743362282994 0.4522478015720449 20110508877575.76 
65 0.43392746164619306 0.013476515819633363 0.08768009661489626 0.4649159259192773 20110508877575.734 
66 0.42717968205549733 0.012668545808249158 0.08324067065358819 0.47691110148266536 20110508877575.746 
67 0.42098005303178004 0.011896401562635708 0.07887551797642489 0.4882480274291595 20110508877575.74 
68 0.4152795346586947 0.011161314941384365 0.07461371765453886 0.4989454327453821 20110508877575.734 
69 0.410033251710496 0.01046377456941629 0.07047788867682951 0.5090250850432584 20110508877575.758 
70 0.40520035962337425 0.009803681693179184 0.06648501910512784 0.5185109395783186 20110508877575.793 
71 0.40074383224318355 0.009180481676252211 0.06264726549275174 0.5274284205878126 20110508877575.71 
72 0.39663020294507295 0.008593273730216292 0.05897269947561529 0.5358038238490955 20110508877575.723 
73 0.3928292824999527 0.008040901575805571 0.05546598818379194 0.5436638277404497 20110508877575.746 
74 0.3893138704689867 0.007522027633325412 0.05212900229671105 0.5510350996009767 20110508877575.758 
75 0.38605947174804744 0.007035193143165379 0.048961350641414735 0.5579439844673724 20110508877575.73 
76 0.3830440259351093 0.006578866374901045 0.0459608436567847 0.564416264033205 20110508877575.742 
77 0.3802476542351802 0.006151480830874418 0.04312389021144267 0.5704769747225027 20110508877575.785 
78 0.3776524264487208 0.00575146510590214 0.04044583349838439 0.5761502749469927 20110508877575.773 
79 0.37524214903948516 0.005377265838170938 0.03792123229938689 0.581459352822957 20110508877575.688 
80 0.37300217420261683 0.005027364981310569 0.03554409402207535 0.5864263667939973 20110508877575.773 
81 0.3709192291383536 0.004700292444925916 0.03330806571748962 0.5910724126992308 20110508877575.773 
82 0.36898126428848743 0.00439463498980552 0.03120658890076173 0.5954175118209453 20110508877575.684 
83 0.36717731904012496 0.00410904212315487 0.029233023504787486 0.5994806153319325 20110508877575.777 
84 0.36549740328834357 0.0038422296167898405 0.02738074575478437 0.6032796213400822 20110508877575.72 
85 0.36393239323408844 0.0035929811654814773 0.02564322420006495 0.6068314014003652 20110508877575.75 
86 0.3624739398435057 0.0033601486118338547 0.02401407760442565 0.6101518339402348 20110508877575.777 
87 0.36111438848667005 0.003142651086558353 0.022487117894387204 0.6132558425323844 20110508877575.76 
88 0.35984670838932553 0.0029394733472609836 0.02105638090437787 0.6161574373590357 20110508877575.742 
89 0.35866443065863995 0.002749663543461717 0.01971614724401422 0.6188697585538842 20110508877575.723 
90 0.3575615937740531 0.0025723305892211374 0.018460955245775772 0.6214051203909499 20110508877575.812 
91 0.35653269556117206 0.0024066412862602453 0.01728560763024939 0.6237750555223183 20110508877575.73 
92 0.3555726507865446 0.002251817308741553 0.01618517324799437 0.6259903586567195 20110508877575.773 
93 0.3546767536216465 0.002107132134948579 0.01515498501840452 0.6280611292250003 20110508877575.81 
94 0.3538406443245479 0.0019719079900793694 0.014190634982818993 0.6299968127025537 20110508877575.74 
95 0.3530602795770117 0.00184551284747687 0.013287967217562731 0.6318062403579487 20110508877575.754 
96 0.35233190599369363 0.001727357522172692 0.012443069208673638 0.6334976672754601 20110508877575.74 
97 0.35165203638877474 0.0016168928800227224 0.011652262170128103 0.6350788085610743 20110508877575.77 
98 0.35101742844515715 0.0015136071774548873 0.010912090688041623 0.6365568736893464 20110508877575.785 
99 0.3504250654825715 0.0014170235404940001 0.010219311991528491 0.637938598985406 20110508877575.773 
100 0.34987213906502335 0.0013266975869069266 0.009570885083973824 0.6392302782640958 20110508877575.74 
101 0.34935603322535963 0.001242215191718609 0.008963959913999292 0.6404377916689226 20110508877575.816 
102 0.3488743101166651 0.0011631903937290434 0.00839586672135439 0.6415666327682515 20110508877575.668 
103 0.34842469692714517 0.001089263438804331 0.007864105657553463 0.6426219339764969 20110508877575.785 
104 0.34800507391801677 0.0010200989544534756 0.0073663367528016095 0.6436084903747281 20110508877575.74 
105 0.3476134634632181 0.000955384249394852 0.006900370278328153 0.644530782009059 20110508877575.656 
106 0.34724801998607957 0.0008948277313578297 0.006464157535617242 0.6453929947469453 20110508877575.68 
107 0.34690702070190266 0.000838157436163015 0.006055782090270653 0.6461990397716637 20110508877575.8 
108 0.3465888570871092 0.0007851196611146802 0.005673451457643905 0.6469525717941322 20110508877575.758 
109 0.34629202700549944 0.000735477695864363 0.005315489239323136 0.6476570060593132 20110508877575.715 
110 0.3460151274306432 0.0006890106441258309 0.0049803277034716036 0.6483155342217594 20110508877575.75 
111 0.3457568477105837 0.0006455123299052905 0.004666500797644124 0.648931139161867 20110508877575.664 
112 0.3455159633271883 0.0006047902822343072 0.004372637579517898 0.6495066088110594 20110508877575.766 
113 0.3452913301078016 0.0005666647927369468 0.004097456048840776 0.6500445490506208 20110508877575.742 
114 0.3450818788513445 0.000530968040714967 0.0038397573625344405 0.6505473957454061 20110508877575.715 
115 0.3448866103349895 0.0004975432807856194 0.0035984204141325036 0.6510174259700924 20110508877575.707 
116 0.3447045906709301 0.00046624408844881554 0.0033723967584390084 0.6514567684821821 20110508877575.684 
117 0.3445349469857754 0.00043693365928971145 0.003160705862349126 0.6518674134925858 20110508877575.723 
118 0.34437686339769324 0.00040948415783671716 0.0029624306630907336 0.6522512217813792 20110508877575.8 
119 0.3442295772687205 0.00038377611239056756 0.0027767134156492738 0.6526099332032397 20110508877575.684 
120 0.34409237571170875 0.00035969785241835766 0.0026027518117780375 0.6529451746240948 20110508877575.67 
121 0.3439645923331553 0.00033714498536542537 0.0024397953537227644 0.6532584673277566 20110508877575.684 
122 0.34384560419483096 0.00031601990997925304 0.0022871419665725754 0.6535512339286171 20110508877575.79 
123 0.3437348289784262 0.00029623136346300556 0.0021441348339622545 0.6538248048241485 20110508877575.72 
124 0.34363172233885714 0.00027769399998301314 0.002010159442673537 0.6540804242184862 20110508877575.73 
125 0.34353577543299246 0.0002603279982454043 0.0018846408225012292 0.6543192557462608 20110508877575.758 
126 0.34344651261151316 0.00024405869603288106 0.0017670409685506287 0.6545423877239034 20110508877575.67 
127 0.3433634892626976 0.00022881624975472584 0.00165685643391309 0.6547508380536345 20110508877575.785 
128 0.34328628979772724 0.00021453531721222236 0.0015536160814144102 0.6549455588036461 20110508877575.777 
129 0.3432145257678345 0.00020115476191876616 0.0014568789838484044 0.6551274404863984 20110508877575.664 
130 0.34314783410443245 0.0001886173774401994 0.0013662324627899997 0.6552973160553375 20110508877575.76 
131 0.34308587547391795 0.00017686963033686047 0.0012812902567288127 0.6554559646390165 20110508877575.785 
132 0.3430283327394864 0.00016586142039555515 0.001201690809873815 0.6556041150302442 20110508877575.723 
133 0.34297490952288046 0.00015554585693781676 0.0011270956735557696 0.6557424489466259 20110508877575.734 
134 0.3429253288593833 0.00014587905008117422 0.0010571880126931602 0.6558716040778424 20110508877575.68 
135 0.3428793319399544 0.00013681991591323725 0.0009916712102940347 0.6559921769338383 20110508877575.773 
136 0.34283667693475656 0.0001283299946149945 0.0009302675634406476 0.6561047255071878 20110508877575.758 
137 0.3427971378927285 0.0001203732806402159 0.0008727170646465318 0.6562097717619848 20110508877575.793 
138 0.3427605037122526 0.00011291606412286533 0.0008187762628903244 0.6563078039607342 20110508877575.715 
139 0.34272657717829413 0.00010592678274435459 0.0007682171990166686 0.656399278839945 20110508877575.754 
140 0.3426951740616232 9.937588334776343e-05 0.0007208264105553424 0.6564846236444736 20110508877575.727 
141 0.3426661222761941 9.323569263717094e-05 0.0006764040013454778 0.6565642380298232 20110508877575.656 
142 0.3426392610907883 8.748029634740267e-05 0.0006347627716649793 0.6566384958411994 20110508877575.812 
143 0.34261444039156197 8.208542631304508e-05 0.0005957274048567857 0.6567077467772683 20110508877575.785 
144 0.342591519992049 7.702835490580626e-05 0.0005591337067151546 0.6567723179463301 20110508877575.676 
145 0.34257036898767673 7.228779634661526e-05 0.0005248278941479962 0.6568325153218285 20110508877575.746 
146 0.3425508651518998 6.784381443325575e-05 0.000492665929866877 0.6568886251038001 20110508877575.715 
147 0.3425328943712145 6.367773625627638e-05 0.00046251290007497407 0.6569409149924543 20110508877575.742 
148 0.3425163501166507 5.977207150548235e-05 0.00043424243232784707 0.656989635379516 20110508877575.742 
149 0.34250113294929785 5.61104369967045e-05 0.0004077361509313808 0.6570350204627741 20110508877575.75 
150 0.34248715005775354 5.2677486073960796e-05 0.0003828831674183165 0.6570772892887542 20110508877575.773 
