0 0.9969178057909355 0.0030821942090645863 0.0 0.0 20084301075199.74 
1 0.9966603664443825 0.0013860294330058276 0.0016694182316716092 0.0002841858909400437 20110508877575.715 
2 0.9960246396192141 0.0009098195728995954 0.00237358410802097 0.0006919566998652564 20110508877575.777 
3 0.9951808835951638 0.000854751415823205 0.00280921756003014 0.0011551474289827818 20110508877575.766 
4 0.9942057677802728 0.0009208979377707345 0.0032093708267133406 0.001663963455243244 20110508877575.83 
5 0.9930931972266871 0.0010314356746210355 0.003648417732327833 0.002226949366364157 20110508877575.76 
6 0.9918179339303707 0.0011691284866082604 0.0041555861002117965 0.0028573514828091296 20110508877575.77 
7 0.990349307134855 0.0013321860656887437 0.004748467958298206 0.00357003884115812 20110508877575.754 
8 0.988652792973089 0.0015230889725270486 0.005442719131464586 0.004381398922919302 20110508877575.797 
9 0.9866892916140172 0.0017458081571429791 0.00625503250959366 0.005309867719246208 20110508877575.723 
10 0.9844142071933162 0.0020051243391940457 0.0072041630681631144 0.006376505399326649 20110508877575.754 
11 0.9817766709282191 0.002306464017296765 0.008311348656431522 0.007605516398052684 20110508877575.65 
12 0.9787189224671596 0.0026558478491342926 0.009600507661134015 0.009024722022572181 20110508877575.742 
13 0.9751758486561592 0.003059841005844116 0.011098308336524847 0.010666002001471685 20110508877575.734 
14 0.9710747160115938 0.003525467043802651 0.012834109457391555 0.012565707487211995 20110508877575.773 
15 0.9663351724057055 0.004060062740880857 0.014839733281517652 0.014765031571895869 20110508877575.734 
16 0.9608696277699308 0.004671053484889895 0.017149010875199086 0.017310307869980293 20110508877575.73 
17 0.9545841524463803 0.005365628573806395 0.019797025995639414 0.020253192984173912 20110508877575.832 
18 0.9473800529574493 0.006150297029163323 0.022818975615494053 0.023650674397893263 20110508877575.645 
19 0.9391562929592483 0.007030309472457797 0.026248565513801544 0.027564832054492366 20110508877575.676 
20 0.9298129131993311 0.008008942339130819 0.030115873224348527 0.03206227123718962 20110508877575.74 
21 0.919255556972592 0.009086659183705654 0.034444644613348285 0.037213139230354075 20110508877575.75 
22 0.9074011146886684 0.010260191374997563 0.03924905127026724 0.043089642666066824 20110508877575.7 
23 0.8941843536596984 0.011521616623873826 0.0445300284559049 0.04976400126052282 20110508877575.73 
24 0.8795651973305153 0.01285755473243936 0.05027143645684031 0.05730581148020492 20110508877575.797 
25 0.8635360794144996 0.014248637058955958 0.05643643014250306 0.06577885338404142 20110508877575.742 
26 0.8461285644145473 0.015669425571355085 0.06296455581376971 0.07523745420032803 20110508877575.676 
27 0.8274182627824744 0.017088942263965023 0.06977017949651475 0.08572261545704582 20110508877575.78 
28 0.8075270539266783 0.01847190683645207 0.07674283769081541 0.09725820154605433 20110508877575.723 
29 0.7866218244394806 0.019780669061942074 0.08374995111371314 0.10984755538486404 20110508877575.816 
30 0.764909342717665 0.020977680894285276 0.09064204714861973 0.12347092923943008 20110508877575.754 
31 0.7426274623399963 0.022028219145210665 0.09726023857295094 0.13808407994184205 20110508877575.79 
32 0.720033447552265 0.022902986047793186 0.1034452914097945 0.15361827499014746 20110508877575.723 
33 0.6973906915710792 0.023580214079675737 0.10904729130791524 0.1699818030413297 20110508877575.758 
34 0.6749553286550563 0.024046988155168328 0.11393477649815971 0.18706290669161552 20110508877575.71 
35 0.6529641763360949 0.024299647465261216 0.11800228519726129 0.20473389100138245 20110508877575.727 
36 0.6316251264419621 0.024343295772462394 0.12117553963610764 0.2228560381494679 20110508877575.72 
37 0.6111106382954742 0.024190587434431244 0.1234138788115663 0.24128489545852835 20110508877575.777 
38 0.5915544971974824 0.023860038532818463 0.12470995966342523 0.25987550460627384 20110508877575.75 
39 0.5730515835845901 0.02337413295504962 0.12508708846698124 0.27848719499337904 20110508877575.758 
40 0.5556601078150224 0.022757464015482072 0.12459477143818731 0.2969876567313081 20110508877575.72 
41 0.5394056168181507 0.02203509233931942 0.12330317233572091 0.3152561185068089 20110508877575.75 
42 0.5242860569883071 0.021231229353004085 0.12129714943121608 0.3331855642274728 20110508877575.727 
43 0.5102772507430113 0.020368288106257213 0.1186704452927462 0.3506840158579851 20110508877575.73 
44 0.4973382744593127 0.01946628904483062 0.11552045659606354 0.3676749798997932 20110508877575.746 
45 0.48541637835634643 0.018542571956787136 0.11194385095858335 0.38409719872828313 20110508877575.727 
46 0.4744512369726782 0.0176117466166583 0.108033149320516 0.3999038670901476 20110508877575.72 
47 0.4643784437460839 0.01668581096564511 0.10387427224309587 0.41506147304517516 20110508877575.793 
48 0.45513225559816933 0.015774372721098235 0.09954496419042783 0.4295484074903046 20110508877575.746 
49 0.4466476524182973 0.014884923242374629 0.09511396118123866 0.4433534631580895 20110508877575.72 
50 0.4388618068584945 0.01402312695201551 0.0906407484528159 0.45647431773667413 20110508877575.746 
51 0.4317150694872421 0.01319310264431476 0.08617575766235516 0.468916070206088 20110508877575.742 
52 0.42515157068825005 0.01239768319609399 0.08176086924399256 0.4806898768716634 20110508877575.734 
53 0.4191195298307104 0.011638647328126566 0.0774301078973658 0.4918117149437974 20110508877575.77 
54 0.4135713484164819 0.010916921616986963 0.07321044290912163 0.5023012870574094 20110508877575.77 
55 0.4084635497351975 0.010232753605320976 0.0691226271362515 0.5121810695232298 20110508877575.742 
56 0.4037566144493216 0.009585858234874348 0.06518202753316314 0.521475499782641 20110508877575.76 
57 0.3994147501316107 0.008975540415947567 0.06139941560467394 0.5302102938477677 20110508877575.707 
58 0.3954056232676415 0.00840079668177425 0.05778169822377671 0.5384118818268074 20110508877575.742 
59 0.3917000745428463 0.0078603987676694 0.05433257827038693 0.5461069484190975 20110508877575.73 
60 0.3882718321617137 0.007352961728943026 0.05105314103874227 0.553322065070601 20110508877575.78 
61 0.38509723325525635 0.006876998940293017 0.047942366842873445 0.5600834009615773 20110508877575.78 
62 0.38215495987926434 0.006430966041405441 0.044997573186581846 0.5664165008927484 20110508877575.734 
63 0.37942579346701366 0.006013295628263562 0.042214791649611574 0.5723461192551113 20110508877575.742 
64 0.3768923896826208 0.00562242424593318 0.03958908559245389 0.5778961004789921 20110508877575.727 
65 0.37453907426300015 0.005256813019311369 0.03711481514680208 0.5830892975708865 20110508877575.715 
66 0.3723516595049296 0.004914963063538506 0.03478585592597514 0.5879475215055566 20110508877575.734 
67 0.3703172804435232 0.004595426644154285 0.03259577760026681 0.5924915153120557 20110508877575.67 
68 0.3684242493956357 0.004296814906769575 0.030537988038420786 0.5967409476591741 20110508877575.746 
69 0.3666619273418525 0.0040178028650303815 0.028605848191090497 0.6007144216020266 20110508877575.684 
70 0.3650206105435316 0.0037571322220327406 0.02679276233567638 0.6044294948987593 20110508877575.72 
71 0.36349143079918594 0.003513612502296235 0.02509224774829371 0.6079027089502241 20110508877575.773 
72 0.3620662678082641 0.0032861208872379736 0.023497987339578672 0.6111496239649192 20110508877575.754 
73 0.36073767220958314 0.0030736010752733535 0.022003868299748756 0.6141848584153948 20110508877575.734 
74 0.3594987979800891 0.002875061426777292 0.020604009351708877 0.6170221312414247 20110508877575.688 
75 0.35834334300672416 0.00268957260286176 0.019292778811759483 0.6196743055786547 20110508877575.78 
76 0.3572654967718802 0.0025162648640529688 0.018064805305432412 0.6221534330586345 20110508877575.746 
77 0.3562598942163077 0.0023543251593768047 0.01691498267913431 0.6244707979451811 20110508877575.72 
78 0.355321574959033 0.002202994107073684 0.015838470383476452 0.626636960550417 20110508877575.727 
79 0.35444594715979527 0.0020615629442490057 0.014830690377633312 0.6286617995183225 20110508877575.77 
80 0.35362875540544264 0.00192937050340575 0.013887321411823212 0.6305545526793284 20110508877575.688 
81 0.35286605208658994 0.0018058002582727907 0.013004291383007382 0.6323238562721298 20110508877575.71 
82 0.35215417180596065 0.0016902774690020867 0.012177768323341009 0.6339777824016963 20110508877575.727 
83 0.35148970842503946 0.0015822664471019168 0.01140415046815689 0.6355238746597017 20110508877575.766 
84 0.3508694944121377 0.0014812679529302528 0.010680055757081088 0.6369691818778509 20110508877575.72 
85 0.3502905822036365 0.0013868167327839023 0.01000231104530361 0.6383202900182758 20110508877575.64 
86 0.3497502273317105 0.00129847919824511 0.009367941239477054 0.6395833522305673 20110508877575.72 
87 0.34924587310722416 0.0012158512472032282 0.008774158521918951 0.6407641171236538 20110508877575.746 
88 0.34877513667661303 0.001138556223617857 0.008218351785784575 0.6418679553139846 20110508877575.707 
89 0.3483357962971289 0.0010662430114396037 0.007698076370985807 0.6428998843204455 20110508877575.746 
90 0.3479257796962985 0.0009985842569975323 0.007211044164422407 0.6438645918822816 20110508877575.69 
91 0.34754315339983527 0.0009352747134705111 0.006755114107360575 0.6447664577793336 20110508877575.695 
92 0.3471861129276251 0.0008760297006850107 0.006328283136535377 0.6456095742351545 20110508877575.758 
93 0.3468529737705276 0.0008205836733399289 0.005928677572920602 0.646397764983212 20110508877575.695 
94 0.3465421630718089 0.0007686888907896079 0.0055545449624044944 0.647134603074997 20110508877575.8 
95 0.34625221194647227 0.0007201141816695235 0.005204246365263595 0.6478234275065946 20110508877575.668 
96 0.34598174837971873 0.0006746437968854739 0.004876249085853069 0.6484673587375426 20110508877575.83 
97 0.34572949065273784 0.0006320763447802977 0.004569119829963871 0.6490693131725179 20110508877575.73 
98 0.34549424124971495 0.0005922238026173939 0.004281518274498136 0.6496320166731695 20110508877575.785 
99 0.34527488120521194 0.0005549105988636721 0.004012191032251999 0.6501580171636725 20110508877575.734 
100 0.34507036485521697 0.000519972761102096 0.003759965993444234 0.6506496963902367 20110508877575.715 
101 0.34487971495909386 0.0004872571247487475 0.003523747025041165 0.6511092808911161 20110508877575.8 
102 0.34470201816285906 0.00045662059808420887 0.003302509008758801 0.6515388522302981 20110508877575.7 
103 0.34453642077713026 0.0004279294794302938 0.0030952931987736835 0.6519403565446659 20110508877575.76 
104 0.344382124845538 0.0004010588226088989 0.002901202880561072 0.6523156134512921 20110508877575.766 
105 0.3442383844817051 0.0003758918471072056 0.0027193993128299177 0.6526663243583578 20110508877575.793 
106 0.3441045024548088 0.00035231938964360446 0.0025490979351997967 0.6529940802203479 20110508877575.754 
107 0.3439798270054318 0.0003302393940799694 0.0023895648250108234 0.6533003687754773 20110508877575.72 
108 0.34386374887508786 0.0003095564368600521 0.002240113387454365 0.6535865813005977 20110508877575.773 
109 0.3437556985340826 0.00029018128537000647 0.002100101264029658 0.6538540189165177 20110508877575.69 
110 0.3436551435936527 0.00027203048681776127 0.0019689274451537395 0.6541038984743759 20110508877575.74 
111 0.34356158638948325 0.000255025985412496 0.0018460295735652648 0.654337358051539 20110508877575.742 
112 0.3434745617246775 0.0002390947657960734 0.001730881425958065 0.6545554620835684 20110508877575.727 
113 0.34339363476117846 0.0002241685208351516 0.0016229905610483254 0.6547592061569382 20110508877575.77 
114 0.3433183990494862 0.00021018334202723405 0.0015218961230194384 0.6549495214854671 20110508877575.79 
115 0.3432484746872919 0.00019707943090674056 0.001427166789992645 0.6551272790918087 20110508877575.766 
116 0.3431835065982738 0.00018480082995952514 0.0013383988578423549 0.6552932937139242 20110508877575.715 
117 0.3431231629230545 0.00017329517166669221 0.001255214450309215 0.6554483274549695 20110508877575.74 
118 0.34306713351474494 0.0001625134444020449 0.0011772598469622713 0.6555930931938907 20110508877575.727 
119 0.34301512853220373 0.00015240977400266545 0.001104203921124382 0.6557282577726694 20110508877575.76 
120 0.34296687712447455 0.0001429412199197756 0.001035736680403728 0.655854444975202 20110508877575.777 
121 0.3429221262004247 0.00013406758493767206 0.0009715679029695669 0.6559722383116681 20110508877575.684 
122 0.34288063927796786 0.00012575123752282143 0.0009114258631737818 0.6560821836213354 20110508877575.742 
123 0.3428421954076778 0.00011795694593368668 0.0008550561405530631 0.6561847915058355 20110508877575.664 
124 0.34280658816590637 0.00011065172328492523 0.000802220506651028 0.6562805396041577 20110508877575.73 
125 0.34277362471290074 0.00010380468281787768 0.0007526958844772813 0.6563698747198042 20110508877575.74 
126 0.34274312491166803 9.738690268289724e-05 0.0007062733757719191 0.6564532148098771 20110508877575.76 
127 0.3427149205036853 9.137129958874806e-05 0.0006627573515723584 0.6565309508451534 20110508877575.73 
128 0.34268885433772905 8.57325107200621e-05 0.0006219646018848668 0.6566034485496659 20110508877575.8 
129 0.3426647796484204 8.044678336621957e-05 0.0005837235405477147 0.6566710500276656 20110508877575.703 
130 0.34264255938125576 7.54918717441408e-05 0.0005478734616377415 0.6567340752853622 20110508877575.777 
131 0.3426220655611706 7.084694053376019e-05 0.0005142638440192896 0.6567928236542764 20110508877575.73 
132 0.34260317870173956 6.649247467842062e-05 0.00048275370086367844 0.6568475751227184 20110508877575.727 
133 0.34258578725251093 6.241019503354286e-05 0.0004532109711815089 0.656898591581274 20110508877575.73 
134 0.3425697870819353 5.858297947566136e-05 0.0004255119506090362 0.6569461179879799 20110508877575.742 
135 0.3425550809936577 5.499478911061548e-05 0.0003995407588752859 0.6569903834583564 20110508877575.72 
136 0.3425415782739774 5.1630599244425225e-05 0.0003751888415489249 0.657031602285229 20110508877575.715 
137 0.34252919426853395 4.847633480331922e-05 0.0003523545038248104 0.6570699748928378 20110508877575.797 
138 0.34251784998629564 4.551880991071877e-05 0.000330942474259509 0.6571056887295341 20110508877575.723 
139 0.34250747172911844 4.2745671348743306e-05 0.0003108634965045965 0.6571389191030282 20110508877575.723 
140 0.3424979907452392 4.014534565020826e-05 0.00029203394721623814 0.6571698299618945 20110508877575.777 
141 0.34248934290516586 3.770698958416194e-05 0.0002743754784405493 0.6571985746268094 20110508877575.68 
142 0.34248146839849797 3.542044381389057e-05 0.00025781468288673103 0.6572252964748014 20110508877575.805 
143 0.34247431145040275 3.327618952111041e-05 0.00024228278060529885 0.6572501295794708 20110508877575.734 
144 0.3424678200564055 3.12653078037902e-05 0.0002277153256861753 0.6572731993101045 20110508877575.715 
145 0.3424619457343726 2.9379441667868712e-05 0.0002140519316830231 0.6572946228922764 20110508877575.766 
146 0.3424566432925773 2.761076044501878e-05 0.00020123601455507723 0.6573145099324226 20110508877575.72 
147 0.3424518706127781 2.5951926479716025e-05 0.00018921455199703702 0.6573329629087451 20110508877575.766 
148 0.342447588447417 2.439606393920964e-05 0.00017793785810175678 0.6573500776305421 20110508877575.76 
149 0.34244376022993966 2.293672960960624e-05 0.00016735937236930158 0.6573659436680813 20110508877575.707 
150 0.3424403518974737 2.1567885550275204e-05 0.00015743546214048968 0.6573806447548356 20110508877575.79 
151 0.34243733172503493 2.0283873487133e-05 0.0001481252375930974 0.6573942591638849 20110508877575.8 
152 0.34243467017050866 1.907939083318989e-05 0.00013939037849497273 0.6574068600601632 20110508877575.73 
153 0.34243233972974196 1.7949468232002206e-05 0.0001311949719607547 0.6574185158300653 20110508877575.773 
154 0.34243031480107194 1.6889448526486877e-05 0.0001235053605077222 0.657429290389894 20110508877575.703 
155 0.3424285715587004 1.5894967061877254e-05 0.00011628999975197725 0.6574392434744857 20110508877575.773 
156 0.3424270878343236 1.4961933237530063e-05 0.00010951932512884416 0.65744843090731 20110508877575.79 
157 0.34242584300651413 1.4086513227808173e-05 0.00010316562706112646 0.657456904853197 20110508877575.78 
158 0.3424248178973154 1.3265113797431348e-05 9.720293403614741e-05 0.6574647140548512 20110508877575.734 
159 0.3424239946756113 1.2494367141498661e-05 9.160690308721726e-05 0.65747190405416 20110508877575.76 
160 0.342423356766861 1.17711166848906e-05 8.635471720767515e-05 0.6574785173992465 20110508877575.742 
161 0.3424228887686745 1.109240377996317e-05 8.142498925600534e-05 0.6574845938382895 20110508877575.668 
162 0.3424225763720219 1.0455455245375233e-05 7.679767193891784e-05 0.6574901705007938 20110508877575.746 
163 0.3424224062875476 9.857671692564646e-06 7.245397348580117e-05 0.657495282067274 20110508877575.727 
164 0.3424223661767637 9.296616589814912e-06 6.837627865274133e-05 0.6574999609279937 20110508877575.758 
165 0.34242244458777976 8.7700060170725e-06 6.454807471751502e-05 0.6575042373314856 20110508877575.688 
166 0.34242263089522523 8.2756990676649e-06 6.0953882148623914e-05 0.6575081395235585 20110508877575.742 
167 0.34242291524418667 7.811688855881459e-06 5.757918965172091e-05 0.6575116938773058 20110508877575.773 
168 0.3424232884978206 7.376094091998771e-06 5.441039331573347e-05 0.6575149250147717 20110508877575.77 
169 0.3424237421884241 6.9671511887872235e-06 5.143473959874977e-05 0.6575178559207884 20110508877575.723 
170 0.34242426847174795 6.583206865828948e-06 4.8640271910290415e-05 0.6575205080494759 20110508877575.68 
171 0.34242486008435186 6.22271122012544e-06 4.601578056213922e-05 0.657522901423866 20110508877575.793 
172 0.3424255103037815 5.884211233480796e-06 4.355075587441411e-05 0.6575250547291107 20110508877575.72 
173 0.3424262129113583 5.566344689024287e-06 4.123534423714554e-05 0.6575269853997157 20110508877575.72 
174 0.3424269621574855 5.26783447099734e-06 3.9060306940351935e-05 0.6575287097011031 20110508877575.734 
175 0.34242775272925613 4.9874832235716015e-06 3.701698159749613e-05 0.6575302428059228 20110508877575.7 
176 0.3424285797202016 4.724168346007704e-06 3.5097245998331405e-05 0.6575315988654541 20110508877575.72 
177 0.34242943860206243 4.476837302903339e-06 3.3293484237582305e-05 0.657532791076397 20110508877575.71 
178 0.34243032519846667 4.244503229628915e-06 3.1598554975646417e-05 0.657533831743328 20110508877575.797 
179 0.3424312356603489 4.026240814312308e-06 3.000576169664235e-05 0.6575347323371401 20110508877575.812 
180 0.34243216644303126 3.821182438914664e-06 2.8508824837660124e-05 0.6575355035496923 20110508877575.734 
181 0.3424331142848119 3.6285145630467986e-06 2.7101855671090644e-05 0.6575361553449541 20110508877575.723 
182 0.34243407618704325 3.447474335211489e-06 2.5779331829382428e-05 0.6575366970067923 20110508877575.746 
183 0.342435049395508 3.277346417126413e-06 2.4536074368594413e-05 0.6575371371837064 20110508877575.824 
184 0.3424360313830756 3.117460007690893e-06 2.336722627367447e-05 0.657537483930643 20110508877575.742 
185 0.3424370198335091 2.9671860540092426e-06 2.2268232314543034e-05 0.6575377447481223 20110508877575.74 
186 0.34243801262639034 2.8259346376814233e-06 2.123482016781373e-05 0.6575379266188042 20110508877575.727 
187 0.3424390078230545 2.6931525253144453e-06 2.0262982724373255e-05 0.6575380360416958 20110508877575.73 
188 0.34244000365347527 2.5683208729092987e-06 1.934896150808722e-05 0.6575380790641439 20110508877575.668 
189 0.3424409985040563 2.450953074429397e-06 1.8489231135626306e-05 0.6575380613117335 20110508877575.766 
190 0.3424419909062414 2.34059274547085e-06 1.7680484751834176e-05 0.6575379880162613 20110508877575.72 
191 0.3424429795259049 2.236811833526689e-06 1.691962037919475e-05 0.6575378640418824 20110508877575.78 
192 0.34244396315347914 2.1392088468762567e-06 1.6203728123850578e-05 0.6575376939095502 20110508877575.66 
193 0.34244494069473724 2.0474071946318613e-06 1.553007818424687e-05 0.6575374818198839 20110508877575.773 
194 0.3424459111622388 1.961053630948185e-06 1.4896109611889194e-05 0.6575372316745185 20110508877575.688 
195 0.3424468736673379 1.8798167968395222e-06 1.4299419776886274e-05 0.6575369470960882 20110508877575.793 
196 0.3424478274127509 1.8033858534645904e-06 1.3737754493940468e-05 0.6575366314469017 20110508877575.74 
197 0.3424487716856445 1.7314692011253626e-06 1.3208998767241178e-05 0.6575362878463872 20110508877575.746 
198 0.34244970585121187 1.6637932785892612e-06 1.271116811534275e-05 0.6575359191873944 20110508877575.668 
199 0.3424506293466598 1.6001014376839282e-06 1.2242400439557116e-05 0.657535528151463 20110508877575.742 
200 0.34245154167566416 1.5401528884322183e-06 1.180094840169705e-05 0.6575351172230458 20110508877575.72 
201 0.3424524424031626 1.4837217102928842e-06 1.1385172279153004e-05 0.6575346887028479 20110508877575.75 
202 0.342453331150564 1.4305959253526097e-06 1.0993533267310589e-05 0.6575342447202435 20110508877575.816 
203 0.3424542075912504 1.380576629575754e-06 1.0624587201201509e-05 0.6575337872449187 20110508877575.74 
204 0.34245507144642395 1.3334771784643649e-06 1.0276978670052912e-05 0.6575333180977274 20110508877575.74 
205 0.342455922481236 1.289122423709998e-06 9.949435500060125e-06 0.6575328389608401 20110508877575.715 
206 0.34245676050120033 1.2473479976345425e-06 9.640763582259989e-06 0.6575323513872197 20110508877575.77 
207 0.34245758534884657 1.207999642418809e-06 9.349842023838028e-06 0.6575318568094872 20110508877575.703 
208 0.3424583969006346 1.170932581306175e-06 9.075618602567942e-06 0.6575313565481815 20110508877575.72 
209 0.3424591950640717 1.1360109291464236e-06 8.817105505359703e-06 0.657530851819494 20110508877575.742 
210 0.34245997977504183 1.103107139809725e-06 8.573375333087207e-06 0.6575303437424851 20110508877575.742 
211 0.3424607509953523 1.072101488156885e-06 8.343557354991515e-06 0.6575298333458046 20110508877575.777 
212 0.34246150871040176 1.0428815843972221e-06 8.126833997005857e-06 0.6575293215740168 20110508877575.695 
213 0.3424622529271024 1.0153419188018078e-06 7.922437549329637e-06 0.6575288092934296 20110508877575.785 
214 0.3424629836718705 9.893834348677554e-07 7.729647079508052e-06 0.6575282972976151 20110508877575.7 
215 0.34246370098881107 9.649131291489448e-07 7.547785538131001e-06 0.6575277863125217 20110508877575.746 
216 0.3424644049380531 9.418436760807052e-07 7.376217045080767e-06 0.6575272770012257 20110508877575.715 
217 0.34246509559415117 9.200930762312298e-07 7.214344345012679e-06 0.6575267699684277 20110508877575.723 
218 0.3424657730446583 8.995843265108826e-07 7.061606421466668e-06 0.6575262657645937 20110508877575.73 
219 0.34246643738879495 8.802451109630687e-07 6.917476259672999e-06 0.6575257648898345 20110508877575.742 
220 0.3424670887362029 8.620075108465307e-07 6.781458748738668e-06 0.6575252677975375 20110508877575.773 
221 0.34246772720581514 8.448077328003526e-07 6.653088714488253e-06 0.6575247748977376 20110508877575.74 
222 0.34246835292478595 8.285858539584691e-07 6.53192907477839e-06 0.6575242865602853 20110508877575.758 
223 0.3424689660275484 8.132855829522149e-07 6.417569109621761e-06 0.657523803117759 20110508877575.742 
224 0.34246956665489514 7.988540358054411e-07 6.309622838934442e-06 0.6575233248682302 20110508877575.734 
225 0.3424701549531657 7.852415257898856e-07 6.207727501174113e-06 0.6575228520778075 20110508877575.71 
226 0.34247073107349024 7.724013663665125e-07 6.111542126558223e-06 0.6575223849830168 20110508877575.785 
227 0.34247129517109015 7.602896863938744e-07 6.020746198946797e-06 0.6575219237930244 20110508877575.71 
228 0.3424718474046312 7.488652568354117e-07 5.935038400846311e-06 0.657521468691711 20110508877575.742 
229 0.34247238793564666 7.380893282464828e-07 5.8541354363392034e-06 0.6575210198395888 20110508877575.777 
230 0.34247291692799436 7.279254783664313e-07 5.77777092706782e-06 0.6575205773756001 20110508877575.785 
231 0.34247343454735435 7.183394691837211e-07 5.705694376709708e-06 0.6575201414187997 20110508877575.74 
232 0.3424739409607927 7.092991128816338e-07 5.637670199663815e-06 0.6575197120698947 20110508877575.734 
233 0.34247443633633745 7.007741461093268e-07 5.573476809939297e-06 0.6575192894127064 20110508877575.73 
234 0.3424749208426122 6.927361120577336e-07 5.512905766486776e-06 0.6575188735155093 20110508877575.75 
235 0.3424753946484792 6.851582498524543e-07 5.455760971448765e-06 0.6575184644322994 20110508877575.777 
236 0.34247585792273444 6.780153908065426e-07 5.401857918027513e-06 0.6575180622039567 20110508877575.777 
237 0.3424763108338358 6.712838611044828e-07 5.351022984873469e-06 0.6575176668593181 20110508877575.75 
238 0.34247675354962726 6.649413905157027e-07 5.303092774093292e-06 0.6575172784162082 20110508877575.773 
239 0.34247718623711426 6.589670267611562e-07 5.25791349015688e-06 0.6575168968823687 20110508877575.71 
240 0.34247760906226277 6.533410551799081e-07 5.2153403571536615e-06 0.657516522256325 20110508877575.73 
241 0.3424780221897968 6.480449233650608e-07 5.17523707200835e-06 0.657516154528208 20110508877575.754 
242 0.34247842578304605 6.430611704587218e-07 5.137475291414596e-06 0.6575157936804921 20110508877575.777 
243 0.3424788200037799 6.383733608155934e-07 5.101934150387065e-06 0.6575154396887088 20110508877575.777 
244 0.3424792050120824 6.339660217624277e-07 5.068499810462331e-06 0.6575150925220854 20110508877575.73 
245 0.3424795809662272 6.29824585198132e-07 5.03706503570278e-06 0.6575147521441518 20110508877575.703 
246 0.3424799480225802 6.259353327950279e-07 5.007528794772999e-06 0.6575144185132923 20110508877575.723 
247 0.3424803063355099 6.222853445768063e-07 4.979795887467133e-06 0.657514091583258 20110508877575.69 
248 0.34248065605728606 6.188624506627664e-07 4.953776594164258e-06 0.6575137713036692 20110508877575.79 
249 0.3424809973380476 6.156551859811854e-07 4.9293863467888655e-06 0.6575134576204198 20110508877575.72 
250 0.34248133032570854 6.126527477668007e-07 4.9065454199367355e-06 0.6575131504761237 20110508877575.785 
251 0.3424816551659278 6.098449556691749e-07 4.885178640915506e-06 0.6575128498104756 20110508877575.664 
252 0.342481972002063 6.072222143093656e-07 4.865215117522442e-06 0.6575125555606051 20110508877575.74 
253 0.34248228097514444 6.047754781326405e-07 4.84658798246022e-06 0.657512267661395 20110508877575.793 
254 0.34248258222384 6.024962184143393e-07 4.82923415335568e-06 0.6575119860457883 20110508877575.734 
255 0.3424828758844391 6.00376392285027e-07 4.813094107414455e-06 0.6575117106450611 20110508877575.72 
256 0.34248316209083685 5.984084136494497e-07 4.798111669803056e-06 0.6575114413890797 20110508877575.695 
257 0.3424834409745428 5.965851258815297e-07 4.78423381490682e-06 0.6575111782065164 20110508877575.773 
258 0.3424837126646525 5.948997761851451e-07 4.771410479665783e-06 0.6575109210250917 20110508877575.66 
259 0.34248397728786417 5.933459915171286e-07 4.759594388239384e-06 0.6575106697717562 20110508877575.76 
260 0.34248423496849306 5.91917755975729e-07 4.748740887299174e-06 0.6575104243728638 20110508877575.78 
261 0.3424844858284527 5.906093895632359e-07 4.738807791289881e-06 0.6575101847543664 20110508877575.72 
262 0.3424847299873034 5.894155282379205e-07 4.729755237043074e-06 0.6575099508419314 20110508877575.715 
263 0.3424849675622436 5.883311051749948e-07 4.721545547164018e-06 0.6575097225611042 20110508877575.76 
264 0.3424851986681338 5.873513331619326e-07 4.714143101649069e-06 0.6575094998374313 20110508877575.73 
265 0.34248542341752924 5.864716880575971e-07 4.707514217224783e-06 0.6575092825965655 20110508877575.742 
266 0.3424856419206849 5.856878932495125e-07 4.7016270339315865e-06 0.6575090707643878 20110508877575.74 
267 0.3424858542856029 5.849959050473412e-07 4.696451408504608e-06 0.6575088642670835 20110508877575.79 
268 0.342486060618038 5.843918989547056e-07 4.691958814131394e-06 0.657508663031249 20110508877575.73 
269 0.3424862610215434 5.83872256765007e-07 4.688122246193682e-06 0.6575084669839537 20110508877575.74 
270 0.34248645559748936 5.834335544302831e-07 4.684916133623457e-06 0.6575082760528226 20110508877575.74 
271 0.3424866444451097 5.830725506553826e-07 4.682316255527768e-06 0.6575080901660842 20110508877575.76 
272 0.34248682766151567 5.827861761726161e-07 4.680299662756902e-06 0.6575079092526455 20110508877575.746 
273 0.34248700534174925 5.825715236549526e-07 4.678844604112044e-06 0.657507733242123 20110508877575.676 
274 0.34248717757879815 5.82425838228264e-07 4.677930456906678e-06 0.6575075620649067 20110508877575.723 
275 0.3424873444636469 5.8234650854585e-07 4.677537661613726e-06 0.6575073956521831 20110508877575.703 
276 0.34248750608530165 5.823310583904665e-07 4.677647660347693e-06 0.6575072339359797 20110508877575.664 
277 0.3424876625308326 5.823771387714545e-07 4.67824283894571e-06 0.6575070768491896 20110508877575.797 
278 0.34248781388541705 5.824825204865748e-07 4.679306472427138e-06 0.6575069243255901 20110508877575.656 
279 0.34248796023235334 5.826450871197858e-07 4.680822673623469e-06 0.6575067762998861 20110508877575.754 
280 0.3424881016531233 5.828628284485494e-07 4.6827763447861195e-06 0.6575066327077035 20110508877575.723 
281 0.34248823822742164 5.831338342351638e-07 4.685153131987496e-06 0.6575064934856122 20110508877575.734 
282 0.3424883700331787 5.834562883789161e-07 4.687939382146239e-06 0.6575063585711508 20110508877575.754 
283 0.3424884971466233 5.838284634067354e-07 4.691122102515321e-06 0.6575062279028108 20110508877575.676 
284 0.34248861964229477 5.842487152818394e-07 4.694688922483398e-06 0.6575061014200675 20110508877575.766 
285 0.34248873759310144 5.847154785108652e-07 4.6986280575477e-06 0.6575059790633624 20110508877575.78 
286 0.34248885107034227 5.852272615313064e-07 4.7029282753265326e-06 0.6575058607741208 20110508877575.74 
287 0.3424889601437582 5.857826423622558e-07 4.707578863487844e-06 0.6575057464947359 20110508877575.76 
288 0.3424890648815526 5.86380264502392e-07 4.7125695994770065e-06 0.6575056361685835 20110508877575.688 
289 0.3424891653504425 5.870188330603e-07 4.717890721934879e-06 0.6575055297400026 20110508877575.71 
290 0.34248926161568194 5.876971111029893e-07 4.723532903704462e-06 0.6575054271543032 20110508877575.766 
291 0.34248935374111694 5.884139162095598e-07 4.729487226329874e-06 0.6575053283577406 20110508877575.75 
292 0.34248944178919805 5.891681172175324e-07 4.7357451559576705e-06 0.6575052332975289 20110508877575.707 
293 0.34248952582103415 5.899586311504229e-07 4.742298520556892e-06 0.6575051419218142 20110508877575.71 
294 0.3424896058964235 5.907844203155706e-07 4.749139488378512e-06 0.6575050541796675 20110508877575.754 
295 0.3424896820738815 5.916444895622846e-07 4.756260547580592e-06 0.6575049700210814 20110508877575.734 
296 0.3424897544106855 5.925378836904733e-07 4.763654486949244e-06 0.657504889396944 20110508877575.727 
297 0.34248982296289476 5.934636850012124e-07 4.771314377651534e-06 0.6575048122590426 20110508877575.72 
298 0.3424898877854051 5.944210109806438e-07 4.779233555958377e-06 0.6575047385600279 20110508877575.734 
299 0.3424899489319686 5.954090121094358e-07 4.7874056068813745e-06 0.6575046682534124 20110508877575.703 
300 0.34249000645522676 5.964268697906404e-07 4.795824348669453e-06 0.6575046012935546 20110508877575.715 
301 0.34249006040675184 5.974737943888603e-07 4.8044838181162196e-06 0.6575045376356357 20110508877575.754 
302 0.34249011083706565 5.985490233745315e-07 4.8133782566304155e-06 0.6575044772356544 20110508877575.676 
303 0.3424901577956822 5.996518195671495e-07 4.822502097026225e-06 0.6575044200504012 20110508877575.73 
304 0.3424902013311472 6.007814694719808e-07 4.831849950992735e-06 0.6575043660374323 20110508877575.746 
305 0.34249024149104557 6.019372817048767e-07 4.841416597203291e-06 0.6575043151550757 20110508877575.69 
306 0.34249027832205453 6.031185855003578e-07 4.851196970030159e-06 0.6575042673623899 20110508877575.72 
307 0.3424903118699618 6.043247292983602e-07 4.861186148830487e-06 0.65750422261916 20110508877575.688 
308 0.34249034217970714 6.055550794053609e-07 4.871379347771671e-06 0.6575041808858656 20110508877575.742 
309 0.3424903692953919 6.068090187258704e-07 4.881771906168298e-06 0.6575041421236831 20110508877575.707 
310 0.3424903932603374 6.080859455605191e-07 4.892359279302284e-06 0.6575041062944377 20110508877575.727 
311 0.34249041411708087 6.09385272467325e-07 4.903137029701044e-06 0.6575040733606169 20110508877575.703 
312 0.34249043190743583 6.107064251827988e-07 4.914100818850509e-06 0.6575040432853202 20110508877575.723 
313 0.3424904466725002 6.120488415998666e-07 4.925246399319773e-06 0.6575040160322589 20110508877575.75 
314 0.34249045845268283 6.134119707998127e-07 4.936569607278226e-06 0.657503991565739 20110508877575.76 
315 0.3424904672877502 6.147952721355416e-07 4.948066355384489e-06 0.6575039698506222 20110508877575.69 
316 0.34249047321683157 6.161982143637109e-07 4.9597326260301126e-06 0.657503950852328 20110508877575.812 
317 0.342490476278457 6.176202748234644e-07 4.971564464921623e-06 0.6575039345368031 20110508877575.77 
318 0.3424904765105824 6.190609386595775e-07 4.983557974984642e-06 0.6575039208705039 20110508877575.715 
319 0.34249047395061044 6.205196980880432e-07 4.99570931057651e-06 0.6575039098203808 20110508877575.75 
320 0.3424904686354241 6.219960517022829e-07 5.008014671993644e-06 0.6575039013538521 20110508877575.742 
321 0.34249046060140564 6.234895038181556e-07 5.020470300261352e-06 0.6575038954387903 20110508877575.797 
322 0.3424904498844593 6.249995638562877e-07 5.033072472194743e-06 0.6575038920435047 20110508877575.656 
323 0.34249043652004313 6.265257457600675e-07 5.045817495719999e-06 0.6575038911367155 20110508877575.82 
324 0.34249042054318984 6.280675674481518e-07 5.058701705446439e-06 0.6575038926875373 20110508877575.71 
325 0.3424904019885186 6.296245502998426e-07 5.071721458479389e-06 0.6575038966654726 20110508877575.746 
326 0.3424903808902781 6.311962186725456e-07 5.084873130467054e-06 0.6575039030403727 20110508877575.73 
327 0.3424903572823531 6.327820994498197e-07 5.098153111871554e-06 0.6575039117824355 20110508877575.68 
328 0.3424903311982957 6.343817216191565e-07 5.111557804458959e-06 0.6575039228621782 20110508877575.742 
329 0.34249030267133745 6.35994615878593e-07 5.1250836180001575e-06 0.6575039362504287 20110508877575.664 
330 0.3424902717344201 6.376203142709673e-07 5.138726967176774e-06 0.6575039519182984 20110508877575.73 
331 0.34249023842020915 6.392583498453273e-07 5.152484268687458e-06 0.6575039698371723 20110508877575.7 
332 0.3424902027611221 6.409082563443859e-07 5.166351938547356e-06 0.6575039899786831 20110508877575.742 
333 0.3424901647893347 6.425695679174962e-07 5.180326389578039e-06 0.6575040123147077 20110508877575.676 
334 0.34249012453681804 6.442418188583021e-07 5.194404029081285e-06 0.6575040368173338 20110508877575.688 
335 0.3424900820353391 6.459245433665298e-07 5.208581256694615e-06 0.6575040634588608 20110508877575.75 
336 0.3424900373164893 6.476172753332292e-07 5.222854462423092e-06 0.6575040922117729 20110508877575.688 
337 0.34248999041170863 6.493195481488371e-07 5.2372200248438695e-06 0.6575041230487183 20110508877575.723 
338 0.3424899413522836 6.51030894533657e-07 5.2516743094816855e-06 0.6575041559425123 20110508877575.73 
339 0.3424898901693776 6.527508463900307e-07 5.2662136673498655e-06 0.6575041908661089 20110508877575.766 
340 0.342489836894053 6.544789346758399e-07 5.280834433655569e-06 0.6575042277925787 20110508877575.746 
341 0.34248978155727444 6.562146892987537e-07 5.295532926665414e-06 0.6575042666951095 20110508877575.75 
342 0.34248972418991747 6.579576390308363e-07 5.310305446729225e-06 0.6575043075469968 20110508877575.758 
343 0.3424896648228163 6.597073114429168e-07 5.325148275459319e-06 0.6575043503215968 20110508877575.73 
344 0.3424896034867332 6.614632328584214e-07 5.340057675062369e-06 0.6575043949923588 20110508877575.77 
345 0.3424895402124052 6.632249283260801e-07 5.3550298878219295e-06 0.6575044415327786 20110508877575.758 
346 0.34248947503055555 6.649919216111661e-07 5.370061135728626e-06 0.657504489916387 20110508877575.73 
347 0.34248940797187355 6.667637352047904e-07 5.385147620256296e-06 0.6575045401167708 20110508877575.75 
348 0.34248933906707385 6.685398903508075e-07 5.400285522280929e-06 0.6575045921075133 20110508877575.734 
349 0.34248926834687926 6.703199070898488e-07 5.41547100214059e-06 0.6575046458622116 20110508877575.8 
350 0.3424891958420191 6.72103304320192e-07 5.430700199833678e-06 0.6575047013544768 20110508877575.74 
351 0.3424891215832813 6.738895998747752e-07 5.445969235352927e-06 0.6575047585578835 20110508877575.734 
352 0.3424890456014818 6.756783106141529e-07 5.4612742091529645e-06 0.6575048174459983 20110508877575.664 
353 0.34248896792749434 6.774689525347196e-07 5.476611202748264e-06 0.6575048779923502 20110508877575.723 
354 0.3424888885922561 6.792610408919e-07 5.4919762794398635e-06 0.6575049401704235 20110508877575.684 
355 0.34248880762676764 6.810540903376223e-07 5.50736548516653e-06 0.657505003953657 20110508877575.76 
356 0.34248872506211 6.828476150718218e-07 5.522774849479e-06 0.6575050693154254 20110508877575.7 
357 0.3424886409294475 6.846411290072415e-07 5.53820038663334e-06 0.657505136229037 20110508877575.758 
358 0.342488555260028 6.864341459471539e-07 5.553638096801125e-06 0.6575052046677292 20110508877575.746 
359 0.34248846808520317 6.882261797754157e-07 5.569083967392009e-06 0.6575052746046496 20110508877575.742 
360 0.34248837943641813 6.900167446582719e-07 5.584533974486762e-06 0.6575053460128628 20110508877575.785 
361 0.3424882893452227 6.918053552574644e-07 5.5999840843764435e-06 0.6575054188653376 20110508877575.668 
362 0.34248819784326123 6.935915269538832e-07 5.615430255203593e-06 0.6575054931349567 20110508877575.76 
363 0.3424881049623103 6.953747760814269e-07 5.63086843870336e-06 0.657505568794475 20110508877575.78 
364 0.34248801073423796 6.971546201701925e-07 5.6462945820385795e-06 0.6575056458165599 20110508877575.78 
365 0.3424879151910444 6.989305781985601e-07 5.661704629726292e-06 0.6575057241737476 20110508877575.695 
366 0.342487818364823 7.007021708534647e-07 5.677094525650394e-06 0.6575058038384802 20110508877575.75 
367 0.3424877202877987 7.024689207983044e-07 5.6924602151570945e-06 0.6575058847830652 20110508877575.715 
368 0.34248762099230445 7.042303529476905e-07 5.707797647227628e-06 0.6575059669796954 20110508877575.75 
369 0.3424875205107856 7.059859947484704e-07 5.723102776724104e-06 0.6575060504004427 20110508877575.723 
370 0.34248741887580847 7.077353764663341e-07 5.738371566703917e-06 0.6575061350172483 20110508877575.746 
371 0.3424873161200334 7.094780314773185e-07 5.753599990797066e-06 0.6575062208019443 20110508877575.785 
372 0.3424872122762505 7.112134965635075e-07 5.768784035642072e-06 0.6575063077262173 20110508877575.77 
373 0.34248710737733234 7.129413122122039e-07 5.783919703374842e-06 0.6575063957616519 20110508877575.727 
374 0.34248700145626565 7.146610229179568e-07 5.799003014165377e-06 0.6575064848796972 20110508877575.766 
375 0.3424868945461319 7.163721774866349e-07 5.814030008797159e-06 0.6575065750516819 20110508877575.695 
376 0.3424867866800988 7.180743293408863e-07 5.828996751282889e-06 0.6575066662488206 20110508877575.707 
377 0.34248667789142434 7.19767036826326e-07 5.843899331512443e-06 0.6575067584422073 20110508877575.742 
378 0.3424865682134474 7.214498635175689e-07 5.858733867925865e-06 0.6575068516028211 20110508877575.79 
379 0.3424864576795761 7.231223785236392e-07 5.873496510206973e-06 0.6575069457015351 20110508877575.73 
