0 0.9999768408360213 2.3159163978609963e-05 0.0 0.0 20110362284039.74 
1 0.9999862607145108 5.4957141956739906e-06 7.116752195836824e-06 1.1268190976741638e-06 20110508877575.73 
2 0.999989985999083 2.1190818844395738e-06 6.2463974852236854e-06 1.6485215472824303e-06 20110508877575.727 
3 0.9999913306375913 1.459372233847851e-06 5.279886203170049e-06 1.9301039717028574e-06 20110508877575.758 
4 0.9999914324373527 1.3483978407091731e-06 4.955997486999181e-06 2.2631673195981432e-06 20110508877575.805 
5 0.9999906168625121 1.4277880901243323e-06 5.177128252708702e-06 2.7782211450232857e-06 20110508877575.676 
6 0.9999890281323651 1.6226267622237122e-06 5.822545583399507e-06 3.526695289387758e-06 20110508877575.703 
7 0.9999867313569538 1.911755357002113e-06 6.824053398157181e-06 4.532834290941808e-06 20110508877575.773 
8 0.9999837355962781 2.290070484713689e-06 8.156544029689895e-06 5.8177892073168665e-06 20110508877575.7 
9 0.9999800038376686 2.7606956350378675e-06 9.825756154270581e-06 7.409710542117308e-06 20110508877575.76 
10 0.9999754588837166 3.33263763600012e-06 1.1860666002205532e-05 9.347812645289052e-06 20110508877575.777 
11 0.999969986392129 4.019893080424913e-06 1.430951146182751e-05 1.168420332879291e-05 20110508877575.723 
12 0.999963435425886 4.841180229921603e-06 1.7238224692534262e-05 1.4485169191537158e-05 20110508877575.73 
13 0.9999556167887905 5.8200602949756e-06 2.0730511098317033e-05 1.7832639816271027e-05 20110508877575.66 
14 0.9999462993615169 6.985354873347003e-06 2.488914959646643e-05 2.1826134013291367e-05 20110508877575.77 
15 0.9999352045619244 8.371818198685677e-06 2.9838295689250918e-05 2.6585324187414463e-05 20110508877575.777 
16 0.9999219989504056 1.002105036654334e-05 3.5726697569370705e-05 3.2253301658356576e-05 20110508877575.688 
17 0.999906284899768 1.1982656342598047e-05 4.273182133003153e-05 3.9000622559462674e-05 20110508877575.68 
18 0.9998875891534076 1.4315670111536601e-05 5.1064944068632254e-05 4.703023241225086e-05 20110508877575.766 
19 0.9998653490039285 1.709027587856078e-05 6.0977324481103285e-05 5.658339571176879e-05 20110508877575.812 
20 0.9998388957334076 2.0389869995817515e-05 7.276760613562154e-05 6.794679046094297e-05 20110508877575.742 
21 0.99980743486211 2.431351908410925e-05 8.679065328023018e-05 8.146096552575541e-05 20110508877575.746 
22 0.999770022650574 2.8978882281869443e-05 0.00010346806575801877 9.753040138606315e-05 20110508877575.715 
23 0.9997255381868023 3.452567917349203e-05 0.00012330067061750759 0.00011663546340664851 20110508877575.773 
24 0.9996726502622363 4.111980012774741e-05 0.00014688334512155706 0.00013934659251443903 20110508877575.73 
25 0.9996097780939157 4.895817283221177e-05 0.00017492259059747275 0.00016634114265456286 20110508877575.74 
26 0.9995350447825891 5.827451797029063e-05 0.00020825735021975727 0.00019842334922083992 20110508877575.758 
27 0.9994462222047539 6.934614836388641e-05 0.00024788364738842245 0.00023654799949374256 20110508877575.723 
28 0.9993406658184121 8.25019894325776e-05 0.0002949837154788688 0.0002818484766764164 20110508877575.64 
29 0.9992152376163882 9.813202416777426e-05 0.0003509603943890283 0.00033566996505499525 20110508877575.727 
30 0.9990662151876513 0.00011669839224931112 0.00041747768349839203 0.000399608736601108 20110508877575.74 
31 0.9988891845490098 0.0001387483990926965 0.0004965084618351273 0.00047555859006242357 20110508877575.72 
32 0.9986789140936394 0.00016492971425802888 0.0005903905095096201 0.000565765682593037 20110508877575.715 
33 0.9984292066820332 0.0001960080562296647 0.0007018920813854256 0.0006728931803517436 20110508877575.816 
34 0.9981327265969551 0.00023288766672118874 0.0008342883809858357 0.0008000973553380942 20110508877575.734 
35 0.9977807978313487 0.00027663486452575 0.000991450339034025 0.000951116965091584 20110508877575.84 
36 0.9973631700290507 0.0003285049254322221 0.001177947086211064 0.0011303779593059711 20110508877575.723 
37 0.9968677484278903 0.000389972445793544 0.0013991633802162846 0.0013431157461000225 20110508877575.758 
38 0.9962802844677162 0.0004627651934500409 0.0016614329436789278 0.0015955173951547345 20110508877575.754 
39 0.9955840244594818 0.0005489012072688162 0.0019721881147958245 0.0018948862184536312 20110508877575.74 
40 0.9947593150351656 0.0006507285499572448 0.002340125313218412 0.00224983110165884 20110508877575.74 
41 0.9937831662013442 0.0007709666256734572 0.002775384477716429 0.002670482695266008 20110508877575.81 
42 0.9926287758791176 0.0009127473351810828 0.0032897387488352147 0.003168738036865981 20110508877575.73 
43 0.9912650239354899 0.0010796535768649318 0.0038967882066926365 0.003758534280952696 20110508877575.785 
44 0.9896559488385274 0.0012757517805811278 0.00461214849307129 0.004456150887820131 20110508877575.742 
45 0.9877602258763116 0.0015056144146182466 0.005453621878824531 0.005280537830245626 20110508877575.777 
46 0.9855306717259007 0.0017743279144942822 0.006441335217659096 0.006253665141946013 20110508877575.664 
47 0.9829138052174413 0.0020874813973010883 0.007597826823803981 0.007400886561453552 20110508877575.707 
48 0.979849497890566 0.0024511317945985624 0.008948063039251311 0.00875130727558409 20110508877575.82 
49 0.9762707510914014 0.002871741158914958 0.010519364821650373 0.010338142928033202 20110508877575.74 
50 0.9721036418700746 0.003356080771870822 0.01234122342025052 0.012199053937804136 20110508877575.848 
51 0.9672674931902958 0.003911092879567015 0.014444978875712021 0.014376435054425226 20110508877575.78 
52 0.9616753506830608 0.004543693654410005 0.016863321986756632 0.016917633675772606 20110508877575.824 
53 0.9552348896600963 0.005260491767740298 0.019629558249981385 0.019875060322181896 20110508877575.703 
54 0.9478499237954966 0.006067390282172666 0.022776545769044226 0.023306140153286484 20110508877575.777 
55 0.9394227208358094 0.006969041941511666 0.02633520035611158 0.027273036866567422 20110508877575.73 
56 0.929857325254355 0.007968144534469018 0.030332466510104794 0.031842063701071205 20110508877575.668 
57 0.9190640224957106 0.00906459425637345 0.034788696526627784 0.03708268672128816 20110508877575.746 
58 0.9069649485338135 0.010254555671821822 0.039714465984360035 0.04306602981000468 20110508877575.668 
59 0.8935006629455171 0.011529548447859028 0.045106974355741174 0.049862814250882626 20110508877575.727 
60 0.878637287272294 0.01287568498091994 0.05094631676640711 0.05754071098037896 20110508877575.785 
61 0.8623735938039211 0.014273212707295705 0.05719204400237575 0.06616114948640751 20110508877575.65 
62 0.84474724829942 0.015696514820233876 0.06378052783745217 0.07577570904289405 20110508877575.77 
63 0.8258393043304355 0.0171146975065531 0.07062369156653925 0.08642230659647197 20110508877575.727 
64 0.8057760628766788 0.018492834561375876 0.07760962449145484 0.09812147807049057 20110508877575.68 
65 0.7847275904913176 0.019793848933321007 0.08460545122705816 0.11087310934830315 20110508877575.785 
66 0.7629025492640201 0.020980893753345206 0.09146256528720492 0.12465399169542986 20110508877575.773 
67 0.7405394979085114 0.022019976690938425 0.0980239859545198 0.13941653944603025 20110508877575.727 
68 0.7178953814457346 0.022882486764603107 0.10413322102454967 0.15508891076511264 20110508877575.754 
69 0.6952324033353291 0.023547265583887974 0.10964370619886284 0.17157662488192035 20110508877575.723 
70 0.6728047412698333 0.02400193009765298 0.11442773329337011 0.18876559533914358 20110508877575.734 
71 0.650846554868636 0.024243287803207732 0.11838382611547864 0.2065263312126777 20110508877575.793 
72 0.6295624517430396 0.02427685062749667 0.12144176849180205 0.2247189291376616 20110508877575.746 
73 0.6091211143492437 0.024115604222802303 0.12356487054157902 0.24319841088637503 20110508877575.805 
74 0.5896522689780235 0.02377828830937794 0.12474948118704912 0.26181996152554937 20110508877575.734 
75 0.5712467191481897 0.02328747499748156 0.1250221221483631 0.2804436837059657 20110508877575.77 
76 0.5539588473171216 0.02266770219338158 0.12443486530310459 0.29893858518639205 20110508877575.742 
77 0.5378108373474465 0.02194384981788274 0.12305967719061423 0.3171856356440564 20110508877575.777 
78 0.5227978670214776 0.021139863560346462 0.12098242591481753 0.33507984350335834 20110508877575.727 
79 0.5088936207541137 0.020277855531967783 0.11829712532485624 0.3525313983890622 20110508877575.69 
80 0.4960556271548414 0.01937755569955848 0.11510082519993727 0.3694659919456627 20110508877575.727 
81 0.4842300917153 0.018456055626519807 0.11148938461053146 0.3858244680476488 20110508877575.785 
82 0.4733560432182553 0.017527773816093266 0.10755421642895051 0.4015619665367009 20110508877575.758 
83 0.46336872923186184 0.016604573932316735 0.10337997810981489 0.4166467187260065 20110508877575.727 
84 0.4542022779546905 0.015695977195681953 0.09904311012902334 0.4310586347206044 20110508877575.734 
85 0.445791694141003 0.01480942336808948 0.09461108439736951 0.444787798093538 20110508877575.758 
86 0.43807428240439644 0.013950547705532354 0.09014221264669021 0.457832957243381 20110508877575.676 
87 0.43099059901921705 0.013123452351634316 0.08568587067479086 0.47020007795435775 20110508877575.793 
88 0.42448502976382013 0.012330959266098824 0.08128301089834811 0.481901000071733 20110508877575.684 
89 0.4185060813576411 0.01157483799194243 0.07696685709532068 0.4929522235550958 20110508877575.73 
90 0.4130064611842585 0.010856005746032397 0.07276369752689683 0.5033738355428122 20110508877575.734 
91 0.4079430065783098 0.010174699943692533 0.06869371337996204 0.5131885800980358 20110508877575.754 
92 0.40327651234759326 0.00953062478478641 0.06477179741643165 0.5224210654511887 20110508877575.742 
93 0.3989714940935694 0.008923074298840924 0.06100833241877952 0.5310970991888102 20110508877575.73 
94 0.39499591553511026 0.008351034542073733 0.057409910546883575 0.5392431393759325 20110508877575.793 
95 0.39132090041886575 0.007813267650086808 0.05397998340525857 0.5468858485257888 20110508877575.727 
96 0.38792044356027305 0.007308380303095901 0.050719438911754094 0.5540517372248769 20110508877575.746 
97 0.3847711308853418 0.0068348789361345795 0.0476271054261941 0.5607668847523296 20110508877575.7 
98 0.3818518748035316 0.0063912137731242874 0.04470018647189365 0.5670567249514505 20110508877575.758 
99 0.37914366861844984 0.00597581350874009 0.04193463113601365 0.5729458867367964 20110508877575.73 
100 0.3766293617829179 0.005587112220298011 0.039325446170635076 0.5784580798261492 20110508877575.684 
101 0.3742934564655501 0.00522356987039071 0.03686695617595235 0.5836160174881068 20110508877575.75 
102 0.37212192498376834 0.004883687562149523 0.03455301821470241 0.5884413692393797 20110508877575.75 
103 0.37010204706646993 0.004566018532904237 0.032377196920956794 0.5929547374796692 20110508877575.715 
104 0.3682222655539428 0.004269175717485071 0.030332905727685884 0.5971756530008862 20110508877575.773 
105 0.3664720589578618 0.003991836577814162 0.028413519318011584 0.6011225851463124 20110508877575.73 
106 0.36484182924007863 0.003732745778905606 0.02661246185480866 0.6048129631262071 20110508877575.74 
107 0.363322803187524 0.0034907161911065096 0.024923274995952423 0.6082632056254171 20110508877575.723 
108 0.3619069458332753 0.0032646286126034848 0.023339669179623698 0.6114887563744975 20110508877575.78 
109 0.360586884479886 0.003053430533248183 0.02185556117869137 0.6145041238081743 20110508877575.75 
110 0.35935584200499443 0.002856134199098551 0.020465100482130565 0.6173229233137765 20110508877575.734 
111 0.35820757826022764 0.0026718141853308923 0.019162686667378533 0.6199579208870628 20110508877575.766 
112 0.35713633850518955 0.0024996046420580334 0.017942979580242158 0.6224210772725103 20110508877575.695 
113 0.35613680794358477 0.0023386963419303043 0.016800903836435628 0.6247235918780493 20110508877575.773 
114 0.3552040715454722 0.0021883336291269695 0.015731648897890676 0.6268759459275102 20110508877575.734 
115 0.3543335784466325 0.002047811345523763 0.014730665753889377 0.6288879444539544 20110508877575.676 
116 0.3535211103118397 0.001916471790590887 0.013793661047844692 0.6307687568497248 20110508877575.74 
117 0.35276275313426675 0.001793701756197119 0.012916589331211722 0.6325269557783245 20110508877575.754 
118 0.3520548720178017 0.0016789296653093814 0.012095643992731105 0.6341705543241578 20110508877575.67 
119 0.351394088554176 0.0015716228340260459 0.011327247300435097 0.6357070413113629 20110508877575.74 
120 0.35077726046296537 0.0014712848689820367 0.010608039902343014 0.6371434147657095 20110508877575.79 
121 0.3502014632105985 0.001377453206503962 0.009934870056615242 0.6384862135262823 20110508877575.746 
122 0.3496639733657376 0.0012896967956363635 0.009304782800590994 0.6397415470380352 20110508877575.72 
123 0.3491622534834051 0.0012076139240147603 0.008715009218333587 0.6409151233742465 20110508877575.746 
124 0.34869393833985807 0.0011308301832968287 0.008162955926128269 0.6420122755507168 20110508877575.773 
125 0.3482568223654597 0.0010589965692841979 0.007646194863176376 0.6430379862020796 20110508877575.65 
126 0.34784884814389927 0.0009917877108211882 0.007162453449071951 0.6439969106962076 20110508877575.656 
127 0.34746809586424576 0.0009289002209154642 0.006709605149383696 0.6448933987654552 20110508877575.785 
128 0.347112773627385 0.0008700511631903529 0.0062856604747656645 0.6457315147346591 20110508877575.72 
129 0.3467812085212116 0.0008149766266707637 0.005888758426689315 0.6465150564254283 20110508877575.754 
130 0.3464718383899694 0.0007634304019618196 0.005517158393419376 0.6472475728146493 20110508877575.754 
131 0.3461832042321799 0.0007151827520526137 0.005169232492693997 0.6479323805230736 20110508877575.727 
132 0.34591394316958857 0.0006700192712319085 0.004843458352245991 0.6485725792069335 20110508877575.74 
133 0.34566278193625033 0.000627739825907543 0.004538412315442612 0.6491710659223996 20110508877575.695 
134 0.3454285308425211 0.00058815757145731 0.004252763056613849 0.6497305485294078 20110508877575.754 
135 0.34521007817380034 0.0005510980395895121 0.003985265588838811 0.6502535581977715 20110508877575.707 
136 0.34500638498803815 0.0005163982910448872 0.0037347556458606204 0.6507424610750563 20110508877575.76 
137 0.3448164802797034 0.00048390612882045423 0.003500144419245292 0.6511994691722307 20110508877575.746 
138 0.34463945648123706 0.00045347936743339666 0.0032804136317562886 0.6516266505195731 20110508877575.758 
139 0.3444744652756223 0.0004249851540668621 0.003074610928085046 0.6520259386422258 20110508877575.727 
140 0.34432071369640116 0.00039829933774605065 0.00288184556447117 0.6523991414013817 20110508877575.758 
141 0.3441774604934473 0.00037330588298165014 0.0027012843793076365 0.6527479492442635 20110508877575.766 
142 0.3440440127448275 0.00034989632458778936 0.0025321480274985647 0.6530739429030862 20110508877575.797 
143 0.3439197226967669 0.00032796926063327966 0.002373707462086258 0.6533786005805136 20110508877575.81 
144 0.34380398481523566 0.00030742988071856374 0.0022252806474552032 0.6536633046565906 20110508877575.797 
145 0.3436962330341093 0.0002881895269870332 0.0020862294892362403 0.6539293479496674 20110508877575.742 
146 0.3435959381859265 0.0002701652854792137 0.0019559569668489915 0.6541779395617453 20110508877575.734 
147 0.34350260560260765 0.0002532796056226918 0.0018339044554304717 0.6544102103363392 20110508877575.734 
148 0.343415772874224 0.0002374599458204019 0.001719549224684662 0.6546272179552709 20110508877575.75 
149 0.3433350077550629 0.00022263844325636677 0.0016124021029524655 0.6548299516987282 20110508877575.734 
150 0.34325990620681923 0.00020875160618170912 0.001512005295532765 0.6550193368914664 20110508877575.723 
