0 0.9995885717885261 0.00041142821147382844 0.0 0.0 20106794839047.74 
1 0.9996716223762262 0.00013867213293174507 0.00016127271538476194 2.8432775457228302e-05 20110508877575.734 
2 0.9996773868073073 7.721965584180562e-05 0.00018687093005185983 5.852260679893851e-05 20110508877575.77 
3 0.9996552307541398 6.41159641081221e-05 0.0001927447054763591 8.790857627578535e-05 20110508877575.746 
4 0.9996237347343592 6.178602927931028e-05 0.00019740486487400548 0.00011707437148753088 20110508877575.805 
5 0.9995870968089391 6.247577660954138e-05 0.00020378613100925367 0.00014664128344213191 20110508877575.77 
6 0.9995459496476817 6.444288142621459e-05 0.00021243712345580428 0.00017717034743617929 20110508877575.72 
7 0.9994998093596412 6.731445796009797e-05 0.00022367200603976646 0.00020920417635875683 20110508877575.695 
8 0.9994477225337894 7.108076649248942e-05 0.0002378928288979317 0.00024330387082016204 20110508877575.72 
9 0.9993884526236197 7.585181902359106e-05 0.00025561994056443017 0.00028007561679220625 20110508877575.758 
10 0.9993205202438113 8.17941697163053e-05 0.00027749052310300126 0.000320195063369337 20110508877575.74 
11 0.9992421869226933 8.911582221126742e-05 0.00030426457874046446 0.0003644326763549894 20110508877575.707 
12 0.9991514124222063 9.806583472747446e-05 0.00033684074889454987 0.0004136809941717775 20110508877575.766 
13 0.9990457963725694 0.00010893935448020003 0.00037627990861979505 0.00046898436433050796 20110508877575.812 
14 0.9989225074802475 0.00012208537566785587 0.00042383519748575947 0.0005315719465988269 20110508877575.727 
15 0.9987782003169773 0.00013791647884046383 0.00048098818721417543 0.000602895016968124 20110508877575.633 
16 0.9986089181512159 0.00015692045943690186 0.0005494915971203591 0.0006846697922269419 20110508877575.785 
17 0.9984099794552911 0.00017967399765426428 0.0006314194087897048 0.000778927138264947 20110508877575.707 
18 0.9981758451914245 0.000206858630418579 0.0007292255170218665 0.0008880706611350208 20110508877575.684 
19 0.9978999635654575 0.00023927934356925514 0.0008458122592460804 0.0010149448317271577 20110508877575.656 
20 0.9975745885674313 0.00027788613452925327 0.0009846103252245419 0.0011629149728148473 20110508877575.637 
21 0.9971905682798274 0.0003237989079027146 0.0011496716706026371 0.0013359611416672453 20110508877575.824 
22 0.9967370986500526 0.0003783360542794989 0.0013457771299893197 0.001538788165678681 20110508877575.742 
23 0.9962014382461518 0.0004430470152495515 0.0015785604192239185 0.001776954319374667 20110508877575.734 
24 0.9955685795279273 0.0005197490382219286 0.001854650085885322 0.002057021347965466 20110508877575.76 
25 0.9948208724927385 0.0006105681488744572 0.0021818306438964622 0.0023867287144905738 20110508877575.73 
26 0.993937597369144 0.0007179840840225162 0.002569223517070418 0.0027751950297630326 20110508877575.73 
27 0.9928944845679323 0.000844878490328334 0.003027487388639408 0.003233149553099901 20110508877575.78 
28 0.9916631826707906 0.0009945850505870834 0.003569035940037744 0.003773196338584639 20110508877575.707 
29 0.9902106792388132 0.0011709392855180595 0.004208268549445171 0.0044101129262233835 20110508877575.688 
30 0.9884986851360937 0.0013783245264250364 0.004961806055332022 0.00516118428214912 20110508877575.684 
31 0.9864830014238004 0.001621708901281718 0.005848718896455915 0.00604657077846203 20110508877575.746 
32 0.9841128992093584 0.0019066660926416446 0.00689072856278687 0.00708970613521309 20110508877575.72 
33 0.981330557500882 0.0022393701489113343 0.008112355183587583 0.008317717166619061 20110508877575.812 
34 0.9780706220929908 0.002626551927912588 0.00954097434059957 0.009761851638497122 20110508877575.715 
35 0.9742599690282393 0.0030754021920865655 0.011206735384552436 0.011457893395121668 20110508877575.75 
36 0.969817777303385 0.0035934045960120775 0.013142282920136215 0.013446535180466512 20110508877575.8 
37 0.9646560337589959 0.004188081726705953 0.01538221490020724 0.01577366961409095 20110508877575.723 
38 0.9586806035029587 0.00486664004514265 0.01796220805507478 0.018490548396823753 20110508877575.723 
39 0.9517929959660236 0.0056355059084885195 0.020917747775873338 0.021653750349614538 20110508877575.75 
40 0.9438929348907392 0.0064997549581912685 0.02428241806244502 0.025324892088624547 20110508877575.68 
41 0.9348817986021813 0.007462449940547546 0.028085738585244414 0.02957001287202664 20110508877575.82 
42 0.9246669378847521 0.008523915290999249 0.0323505779080927 0.034458568916155945 20110508877575.707 
43 0.9131668087434242 0.009680988567267568 0.03709021960574833 0.04006198308355993 20110508877575.742 
44 0.9003167794875697 0.010926299400727705 0.04230520746106517 0.04645171365063737 20110508877575.727 
45 0.8860753799118846 0.012247639856243475 0.04798014856599943 0.05369683166587256 20110508877575.72 
46 0.8704306403718187 0.01362751076411667 0.054080716475001706 0.06186113238906291 20110508877575.67 
47 0.8534060115543223 0.015042956071137755 0.06055117668433524 0.07099985569020474 20110508877575.617 
48 0.8350651815055115 0.016465819281999288 0.06731284443039892 0.0811561547820905 20110508877575.746 
49 0.8155149761558301 0.017863550026699683 0.07426394556496024 0.09235752825250979 20110508877575.688 
50 0.7949055305520519 0.01920063360608446 0.08128133160915842 0.10461250423270516 20110508877575.723 
51 0.7734271213762668 0.020440608606809924 0.08822435295463801 0.11790791706228529 20110508877575.652 
52 0.7513034660849618 0.021548500161802476 0.09494091017204086 0.13220712358119496 20110508877575.688 
53 0.7287818470370856 0.022493371999997246 0.10127532810362136 0.14744945285929573 20110508877575.703 
54 0.7061209741686538 0.023250634013073902 0.10707732278159779 0.16355106903667455 20110508877575.71 
55 0.6835779065311075 0.023803761129083997 0.11221106387709197 0.1804072684627166 20110508877575.734 
56 0.6613955014348608 0.0241451821692441 0.1165632569741029 0.19789605942179214 20110508877575.73 
57 0.6397917186987482 0.024276254232380435 0.12004930690385254 0.21588272016501872 20110508877575.68 
58 0.6189517298847854 0.024206403279881102 0.12261693871721853 0.23422492811811502 20110508877575.71 
59 0.5990232805606611 0.02395164105806368 0.12424706221740135 0.25277801616387396 20110508877575.71 
60 0.580115255173749 0.023532735153245783 0.12495206891449498 0.27139994075851037 20110508877575.73 
61 0.5622990009417141 0.022973308708636786 0.12477206296961842 0.28995562738003056 20110508877575.734 
62 0.5456117321003815 0.02229809445460639 0.12376970400156799 0.30832046944344416 20110508877575.773 
63 0.5300612612962109 0.02153148922868807 0.12202437530113977 0.3263828741739612 20110508877575.746 
64 0.5156313574785926 0.020696474468239783 0.11962631398669235 0.34404585406647525 20110508877575.73 
65 0.5022871604444377 0.019813902200439697 0.11667119372281333 0.3612277436323094 20110508877575.73 
66 0.4899802440274061 0.018902102358829647 0.11325547994656879 0.3778621736671955 20110508877575.78 
67 0.47865307730144263 0.017976745575723384 0.10947271645188537 0.3938974606709486 20110508877575.73 
68 0.4682427651238988 0.017050891148592803 0.10541077137742422 0.4092955723500841 20110508877575.72 
69 0.458684047585312 0.01613515641691057 0.10114997814201317 0.42403081785576424 20110508877575.73 
70 0.44991160292175214 0.01523795568757304 0.09676205146172624 0.4380883899289486 20110508877575.684 
71 0.44186173542062807 0.014365770032154435 0.09230963381450157 0.45146286073271596 20110508877575.72 
72 0.4344735457661861 0.013523421320654544 0.08784632522388328 0.4641567076892759 20110508877575.793 
73 0.4276896828868796 0.012714333652882234 0.08341706093406975 0.4761789225261685 20110508877575.79 
74 0.42145676930595405 0.011940772674798174 0.0790587207994441 0.48754373721980376 20110508877575.805 
75 0.41572558046225194 0.011204058373703942 0.07480087616668259 0.4982694849973615 20110508877575.74 
76 0.41045104533263094 0.010504750275388613 0.07066660153050781 0.5083776028614727 20110508877575.734 
77 0.4055921227404385 0.009842805982207027 0.06667329750349354 0.517891773773861 20110508877575.758 
78 0.40111159596866686 0.00921771509636444 0.06283348784996011 0.5268372010850085 20110508877575.74 
79 0.3969758181609694 0.00862861108138226 0.059155566331888364 0.53524000442576 20110508877575.74 
80 0.393154432594829 0.008074363754058195 0.05564447911433793 0.5431267245367749 20110508877575.734 
81 0.3896200851598735 0.007553655024371618 0.05230233587779242 0.5505239239379625 20110508877575.715 
82 0.38634814108211035 0.00706504031258542 0.049128948044999635 0.5574578705603046 20110508877575.68 
83 0.3833164138787142 0.006606997833752815 0.04612229609841462 0.5639542921891185 20110508877575.727 
84 0.38050491148490484 0.00617796768681383 0.04327893024023813 0.5700381905880433 20110508877575.773 
85 0.3778956022609339 0.005776382438906136 0.04059430996536858 0.5757337053347913 20110508877575.734 
86 0.3754722019878375 0.005400690665795572 0.038063088748063766 0.5810640185983033 20110508877575.76 
87 0.3732199818490632 0.005049374700932263 0.03567935019606317 0.5860512932539413 20110508877575.73 
88 0.3711255966527277 0.004720963659722342 0.03343680186075633 0.5907166378267937 20110508877575.746 
89 0.36917693208179886 0.004414042641622234 0.03132893252684738 0.5950800927497315 20110508877575.695 
90 0.3673629694932999 0.004127258869200843 0.029349138325110834 0.5991606333123884 20110508877575.7 
91 0.3656736666651886 0.0038593253986602466 0.02749082247758745 0.6029761854585638 20110508877575.777 
92 0.36409985286798224 0.003609022928632903 0.02574747293712178 0.6065436512662631 20110508877575.77 
93 0.3626331366840316 0.0033752001416268874 0.024112721649788484 0.6098789415245532 20110508877575.67 
94 0.3612658250865318 0.003156772933586957 0.022580388666544476 0.6129970133133368 20110508877575.734 
95 0.3599908524048294 0.0029527228201237338 0.021144513869141113 0.6159119109059057 20110508877575.746 
96 0.35880171792930127 0.002762094751587841 0.01979937865959497 0.618636808659516 20110508877575.727 
97 0.3576924310392673 0.0025839945220020558 0.01853951959354179 0.6211840548451889 20110508877575.69 
98 0.35665746286448713 0.002417585917694811 0.017359735614398086 0.62356521560342 20110508877575.74 
99 0.3556917036113324 0.002262087719191838 0.01625509026486673 0.625791118404609 20110508877575.8 
100 0.3547904247957822 0.002116770643526507 0.015220910011484057 0.6278718945492072 20110508877575.695 
101 0.35394924572616593 0.0019809542927213056 0.014252779612760377 0.6298170203683523 20110508877575.79 
102 0.3531641036687231 0.0018540041569865347 0.013346535288055865 0.6316353568862345 20110508877575.742 
103 0.35243122720835784 0.001735328707477676 0.012498256298749085 0.6333351877854154 20110508877575.758 
104 0.35174711238639833 0.0016243766026482764 0.011704255431864647 0.6349242555790887 20110508877575.766 
105 0.35110850125745885 0.0015206340238088003 0.010961068775691437 0.6364097959430409 20110508877575.684 
106 0.35051236255915913 0.0014236221490115878 0.010265445094036423 0.6377985701977928 20110508877575.727 
107 0.34995587423293767 0.0013328947694547435 0.009614335037859552 0.6390968959597481 20110508877575.727 
108 0.34943640757200223 0.001248036048918519 0.0090048803777489 0.6403106760013304 20110508877575.81 
109 0.3489515128045174 0.001168658424061642 0.008434403395952396 0.6414454253754684 20110508877575.72 
110 0.34849890594753696 0.0010944006414959578 0.007900396540674376 0.6425062968702928 20110508877575.676 
111 0.34807645679003746 0.0010249259262543613 0.007400512416578211 0.6434981048671301 20110508877575.758 
112 0.3476821778831315 0.0009599202754300201 0.006932554162593559 0.644425347678845 20110508877575.805 
113 0.34731421443176064 0.0008990908702804483 0.006494466250144252 0.6452922284478146 20110508877575.742 
114 0.3469708349962659 0.0008421645998715303 0.006084325720875606 0.6461026746829869 20110508877575.703 
115 0.3466504229240566 0.0007888866893120467 0.0057003338721176265 0.6468603565145138 20110508877575.74 
116 0.34635146844136677 0.000739019425745314 0.0053408083900504605 0.6475687037428375 20110508877575.746 
117 0.34607256134390757 0.00069234097547793 0.005004175924330729 0.6482309217562836 20110508877575.81 
118 0.3458123842322185 0.000648644285904658 0.0046889650933727095 0.6488500063885042 20110508877575.75 
119 0.34556970624383404 0.0006077360662080842 0.004393799906212881 0.6494287577837449 20110508877575.754 
120 0.34534337723967284 0.0005694358411534645 0.004117393584648185 0.6499697933345254 20110508877575.76 
121 0.345132322406697 0.0005335750726501753 0.0038585427678956546 0.6504755597527572 20110508877575.74 
122 0.34493553724267023 0.0004999963441009766 0.003616122081203188 0.6509483443320256 20110508877575.73 
123 0.34475208289255954 0.0004685526029020934 0.0033890790494943155 0.6513902854550441 20110508877575.76 
124 0.3445810818088555 0.00043910645678685604 0.003176429337144323 0.6518033823972134 20110508877575.74 
125 0.34442171371089086 0.0004115295200193239 0.0029772522952670297 0.6521895044738227 20110508877575.746 
126 0.34427321182049847 0.00038570180574099716 0.0027906867983693334 0.6525503995753912 20110508877575.74 
127 0.34413485935331406 0.0003615111610520676 0.002615927352845093 0.6528877021327889 20110508877575.73 
128 0.34400598624701917 0.0003388527416686085 0.002452220460490242 0.6532029405508221 20110508877575.766 
129 0.34388596610921335 0.0003176285232388623 0.0022988612209889877 0.6534975441465589 20110508877575.766 
130 0.34377421336922653 0.00029774684662597423 0.0021551901581215015 0.6537728496260259 20110508877575.71 
131 0.34367018061935845 0.00027912199467190806 0.0020205902552572264 0.6540301071307124 20110508877575.72 
132 0.3435733561322541 0.00026167379814873653 0.0018944841865077017 0.6542704858830893 20110508877575.76 
133 0.34348326154215303 0.0002453272687799709 0.0017763317307090932 0.6544950794583578 20110508877575.78 
134 0.3433994496786987 0.00023001225737727485 0.0016656273561781927 0.6547049107077458 20110508877575.74 
135 0.34332150254284194 0.0002156631352874883 0.0015618979649315602 0.654900936356939 20110508877575.73 
136 0.3432490294151968 0.00020221849748263418 0.00146470078577153 0.655084051301549 20110508877575.79 
137 0.3431816650878958 0.0001896208857521901 0.0013736214063231533 0.6552550926200288 20110508877575.78 
138 0.34311906821159294 0.0001778165305733461 0.0012882719347504566 0.6554148433230832 20110508877575.69 
139 0.343060919750015 0.00016675511034220907 0.001208289282490517 0.6555640358571522 20110508877575.777 
140 0.3430069215347968 0.00015638952674733257 0.0011333335599175297 0.6557033553785384 20110508877575.703 
141 0.34295679491405073 0.00014667569515772574 0.0010630865773887533 0.6558334428134027 20110508877575.73 
142 0.3429102794884183 0.00013757234898092703 0.0009972504446305985 0.6559548977179703 20110508877575.703 
143 0.342867131928885 0.00012904085702358887 0.0009355462618972022 0.6560682809521943 20110508877575.742 
144 0.342827124871017 0.00012104505295784937 0.0008777128967773017 0.6561741171792478 20110508877575.746 
145 0.342790045880561 0.00011355107606198784 0.0008235058409396881 0.6562728972024373 20110508877575.73 
146 0.3427556964858365 0.0001065272224640796 0.0007726961414941437 0.6563650801502052 20110508877575.7 
147 0.34272389127253716 9.994380617284804e-05 0.000725069402006012 0.656451095519284 20110508877575.723 
148 0.3426944570368625 9.377302923116732e-05 0.0006804248485385017 0.6565313450853678 20110508877575.695 
149 0.34266723199327337 8.798886037500976e-05 0.0006385744564108286 0.6566062046899408 20110508877575.76 
150 0.34264206503327554 8.256692162432966e-05 0.0005993421336521717 0.656676025911448 20110508877575.797 
