0 0.9999768408360213 2.3159163978609963e-05 0.0 0.0 20110499644455.74 
1 0.9999866807824795 5.32768700822146e-06 6.89916303222923e-06 1.0923674801029614e-06 20110508877575.73 
2 0.999991101214843 1.8661051534476886e-06 5.5713124593992345e-06 1.461367544090311e-06 20110508877575.74 
3 0.9999935117546208 1.0637790441025944e-06 3.994942811930323e-06 1.429523523183264e-06 20110508877575.75 
4 0.99999506618074 7.502296152332486e-07 2.913825968583384e-06 1.269763676255009e-06 20110508877575.715 
5 0.9999960918298111 5.769621283186798e-07 2.226338120777166e-06 1.1048699399708038e-06 20110508877575.71 
6 0.9999967463672627 4.719304466265473e-07 1.8026039471097307e-06 9.790983436059872e-07 20110508877575.844 
7 0.9999971278518032 4.108387864641153e-07 1.5574211561892452e-06 9.038882542226406e-07 20110508877575.72 
8 0.9999973002374162 3.8144057016348637e-07 1.4393747367504214e-06 8.789472769877357e-07 20110508877575.816 
9 0.9999973041317628 3.766345343410742e-07 1.4181756703729688e-06 9.010580326264881e-07 20110508877575.74 
10 0.9999971633570203 3.923607156388008e-07 1.476782941072888e-06 9.674993230221535e-07 20110508877575.74 
11 0.999996889294349 4.266064563007706e-07 1.6068572687568869e-06 1.0772419257937122e-06 20110508877575.766 
12 0.9999964837231112 4.788370424070411e-07 1.8061531349543582e-06 1.2312867114098906e-06 20110508877575.742 
13 0.9999959405957416 5.49655500015351e-07 2.077030447452715e-06 1.4327183110215365e-06 20110508877575.727 
14 0.9999952470619156 6.406023889870428e-07 2.425630413761496e-06 1.6867052816937143e-06 20110508877575.79 
15 0.9999943839672581 7.540432228921317e-07 2.8614566125999287e-06 2.00053290633284e-06 20110508877575.758 
16 0.9999933259905003 8.931089225731739e-07 3.3972059843798853e-06 2.3836945928548075e-06 20110508877575.76 
17 0.9999920415447751 1.0616639828798003e-06 4.048748249789363e-06 2.8480429922930223e-06 20110508877575.742 
18 0.9999904925498724 1.2642812385602577e-06 4.835177959977394e-06 3.4079909290319567e-06 20110508877575.72 
19 0.9999886341794125 1.506202947383218e-06 5.778872046099331e-06 4.080745593860189e-06 20110508877575.758 
20 0.9999864146973326 1.7932664602235016e-06 6.90548320784396e-06 4.8865529993504025e-06 20110508877575.723 
21 0.9999837755190931 2.1317699872939405e-06 8.243789343817985e-06 5.84892157552955e-06 20110508877575.73 
22 0.9999806516609921 2.528251083092206e-06 9.825304611302943e-06 6.994783313403822e-06 20110508877575.72 
23 0.9999769727699741 2.9891491721867267e-06 1.168354261908103e-05 8.354538234630242e-06 20110508877575.75 
24 0.999972664946727 3.5203262045818788e-06 1.3852812720018715e-05 9.961914348439615e-06 20110508877575.78 
25 0.9999676535719745 4.126429662737891e-06 1.636643523053226e-05 1.185356313207177e-05 20110508877575.703 
26 0.9999618673000846 4.810103382589235e-06 1.9254292448521894e-05 1.4068304084271707e-05 20110508877575.72 
27 0.999955243273085 5.571087056929497e-06 2.253970287614379e-05 1.664593698192495e-05 20110508877575.79 
28 0.999947733413551 6.405295123160529e-06 2.623572700266585e-05 1.9625564322936406e-05 20110508877575.72 
29 0.9999393113736211 7.30402449538139e-06 3.0341185917945017e-05 2.3043415965454745e-05 20110508877575.67 
30 0.99992997937714 8.25349419573798e-06 3.483688182818192e-05 2.693024683616942e-05 20110508877575.637 
31 0.9999197738631241 9.23494521164438e-06 3.968270846473614e-05 3.130848319936866e-05 20110508877575.844 
32 0.9999087686342001 1.0225498362242419e-05 4.481645866002929e-05 3.618940877766304e-05 20110508877575.77 
33 0.9998970742629805 1.1199861480080566e-05 5.015509322245277e-05 4.1570782316963174e-05 20110508877575.76 
34 0.999884832905435 1.213279826205821e-05 5.559896786423206e-05 4.7435328438679346e-05 20110508877575.66 
35 0.9998722084043654 1.300205889775978e-05 6.103902471098308e-05 5.3750512025771214e-05 20110508877575.797 
36 0.9998593724880853 1.3791298162547255e-05 6.636633537251967e-05 6.0469878379525894e-05 20110508877575.652 
37 0.999846488712777 1.4492447101547037e-05 7.148280875502399e-05 6.75360313663987e-05 20110508877575.72 
38 0.9998336962768841 1.510710311227344e-05 7.631154550650718e-05 7.488507449708527e-05 20110508877575.746 
39 0.9998210957780903 1.5646740090814824e-05 8.080536393268661e-05 8.245211788610397e-05 20110508877575.734 
40 0.9998087384100486 1.6131834512253688e-05 8.495243997206003e-05 9.017731546716208e-05 20110508877575.76 
41 0.9997966192131756 1.6590250992123802e-05 8.877866170594166e-05 9.801187412610668e-05 20110508877575.766 
42 0.9997846740896612 1.705535519030931e-05 9.234698878442933e-05 0.00010592356636412224 20110508877575.695 
43 0.9997727796102464 1.7564304564792304e-05 9.5754638064008e-05 0.00011390144712483358 20110508877575.75 
44 0.9997607542949819 1.8156845780579443e-05 9.91291837920012e-05 0.00012195967544552247 20110508877575.67 
45 0.9997483600232755 1.887478571472542e-05 0.00010262466317139169 0.0001301405278383939 20110508877575.67 
46 0.999735302416007 1.976215919515981e-05 0.00010641859150401372 0.0001385168332938328 20110508877575.75 
47 0.9997212293085329 2.0866023711652152e-05 0.00011071051889639944 0.0001471941488590073 20110508877575.805 
48 0.9997057266969995 2.2237774929088185e-05 0.00011572249339195145 0.00015631303467919855 20110508877575.723 
49 0.9996883117332056 2.393488459059889e-05 0.0001217015902659691 0.00016605179193767352 20110508877575.75 
50 0.9996684224459594 2.6022995778833315e-05 0.00012892454563446758 0.00017663001262730395 20110508877575.715 
51 0.9996454038855928 2.8578353066178466e-05 0.00013770449026141504 0.00018831327107961027 20110508877575.715 
52 0.9996184903408845 3.169058597760771e-05 0.00014839979880345748 0.000201419274334419 20110508877575.715 
53 0.9995867831844668 3.546589803333646e-05 0.00016142512929983232 0.00021632578820009437 20110508877575.8 
54 0.9995492237824136 4.0030738691375464e-05 0.00017726480786676426 0.00023348067102828336 20110508877575.695 
55 0.9995045607726398 4.553605153679696e-05 0.00019648879805404188 0.0002534143777693723 20110508877575.73 
56 0.9994513108916216 5.2162198575895574e-05 0.00021977156930460935 0.00027675534049799585 20110508877575.758 
57 0.9993877124301582 6.012465550217581e-05 0.00024791423044514865 0.00030424868389449796 20110508877575.805 
58 0.9993116703548491 6.968055202513369e-05 0.00028187030492189745 0.0003367787882039934 20110508877575.73 
59 0.9992206921834209 8.113608786444694e-05 0.00032277547111900354 0.0003753962575956518 20110508877575.656 
60 0.9991118139049817 9.485477962562882e-05 0.0003719814418222131 0.0004213498735705145 20110508877575.812 
61 0.9989815156602055 0.00011126637695833529 0.0004310938725151109 0.0004761240903210186 20110508877575.688 
62 0.9988256276124623 0.0001308761231961317 0.000502013729109522 0.0005414825352320226 20110508877575.79 
63 0.998639227489542 0.00015427383572491865 0.0005869808908543682 0.0006195177838787218 20110508877575.695 
64 0.9984165326027584 0.0001821420859385549 0.0006886179491690331 0.0007127073621341071 20110508877575.684 
65 0.998150790502564 0.00021526266404877894 0.0008099713427356487 0.0008239754906515285 20110508877575.664 
66 0.9978341732252097 0.00025452069141351764 0.0009545464960890188 0.0009567595872878002 20110508877575.754 
67 0.9974576793273422 0.0003009064293092539 0.0011263341090925795 0.0011150801342559643 20110508877575.68 
68 0.997011044303986 0.0003555162456415802 0.0013298269745649295 0.0013036124758075576 20110508877575.793 
69 0.9964826525056185 0.00041955633026504135 0.0015700313471068352 0.0015277598170096043 20110508877575.734 
70 0.9958594326360577 0.0004943550519896339 0.0018524838157405734 0.0017937284962120954 20110508877575.742 
71 0.9951267072873232 0.000581391049934251 0.0021832920905745087 0.002108609572168158 20110508877575.688 
72 0.9942679606134756 0.0006823425631670843 0.0025692224331452084 0.002480474390212162 20110508877575.72 
73 0.9932644936158164 0.0007991581897129665 0.003017853312954979 0.002918494881515584 20110508877575.777 
74 0.9920949557162414 0.0009341415677903158 0.003537802296156519 0.0034331004198118057 20110508877575.71 
75 0.990734767931604 0.0010900363247337112 0.004139014565721813 0.004036181177940377 20110508877575.652 
76 0.9891554740312763 0.0012700972825271093 0.004833085199454165 0.00474134348674218 20110508877575.734 
77 0.9873240610766955 0.0014781400787087842 0.0056335814807757095 0.005564217363819961 20110508877575.797 
78 0.9852022807853625 0.0017185697501452205 0.006556337458355197 0.006522812006137056 20110508877575.742 
79 0.9827459904056224 0.0019963932483032477 0.007619703948409377 0.007637912397664953 20110508877575.79 
80 0.979904529333001 0.002317218391631891 0.008844743730737525 0.008933508544629687 20110508877575.74 
81 0.9766201600564337 0.002687234608010725 0.010255358645546738 0.010437246690009044 20110508877575.78 
82 0.9728276248823853 0.0031131633508902604 0.011878323894468973 0.012180887872255328 20110508877575.684 
83 0.9684538967135317 0.003602160942914363 0.013743189544644301 0.014200752798909675 20110508877575.773 
84 0.9634182292261905 0.004161653807007416 0.015881993756373933 0.016538123210428118 20110508877575.656 
85 0.9576326377283578 0.004799084715986446 0.018328718543856367 0.01923955901179934 20110508877575.695 
86 0.9510029646518522 0.005521548878692395 0.0211184084954079 0.022357077974047446 20110508877575.773 
87 0.9434306980742151 0.006335301657257861 0.024285868574869564 0.025948131693657596 20110508877575.754 
88 0.934815709843271 0.007245127382716433 0.027863863395597946 0.030075299378414588 20110508877575.73 
89 0.9250600513060601 0.00825357306874853 0.03188076315860782 0.034805612466583584 20110508877575.664 
90 0.9140728777088732 0.009360073320429433 0.036357627296176774 0.04020942167452055 20110508877575.777 
91 0.9017764570793404 0.010560023600821698 0.0413047910723356 0.04635872824750245 20110508877575.75 
92 0.8881130522550333 0.011843895953688337 0.04671812417157273 0.0533249276197056 20110508877575.723 
93 0.8730522545073108 0.013196528350659344 0.05257525710112183 0.06117596004090793 20110508877575.71 
94 0.8565981205646448 0.014596746083581613 0.058832203410170696 0.06997292994160288 20110508877575.75 
95 0.8387952681907447 0.01601747820000325 0.0654209134410451 0.07976634016820694 20110508877575.77 
96 0.8197329801191828 0.017426501323879885 0.07224833966699676 0.09059217888994055 20110508877575.816 
97 0.7995464140624466 0.018787870287543366 0.0791975357158004 0.10246817993420963 20110508877575.72 
98 0.7784142579766687 0.020063984179606333 0.0861311263381035 0.11539063150562133 20110508877575.684 
99 0.756552599533558 0.021218107002070226 0.09289717919385128 0.12933211427052044 20110508877575.723 
100 0.7342053322874967 0.022217046405802077 0.09933712622557753 0.14424049508112366 20110508877575.785 
101 0.7116319818276061 0.023033628109332988 0.10529500289043926 0.16003938717262153 20110508877575.746 
102 0.6890942663628015 0.02364861389750676 0.1106269930702476 0.17663012666944405 20110508877575.727 
103 0.6668428963269166 0.02405180163494777 0.11521016529978734 0.19389513673834838 20110508877575.727 
104 0.6451060213281109 0.0242421943809856 0.11894939566850761 0.21170238862239601 20110508877575.79 
105 0.6240803863228881 0.024227291498925926 0.1217817687614359 0.22991055341675004 20110508877575.73 
106 0.6039257636359825 0.024021693466748237 0.1236781545305602 0.24837438836670908 20110508877575.746 
107 0.5847627105436622 0.02364529266880669 0.12464207734620343 0.2669499194413275 20110508877575.734 
108 0.5666732737288551 0.02312133540806537 0.12470633474579841 0.28549905611728116 20110508877575.727 
109 0.5497039866682764 0.02247459716756654 0.1239280326673304 0.30389338349682654 20110508877575.746 
110 0.533870396660831 0.021729837453314547 0.12238276854832338 0.32201699733753103 20110508877575.69 
111 0.5191623872886418 0.020910617678626994 0.12015863614087297 0.3397683588918582 20110508877575.72 
112 0.505549681913264 0.020038494558305496 0.11735058848199566 0.35706123504643494 20110508877575.727 
113 0.4929870749950943 0.01913255204969323 0.1140555238462012 0.3738248491090113 20110508877575.785 
114 0.4814191014456989 0.01820920827279823 0.11036829119491132 0.39000339908659154 20110508877575.746 
115 0.47078399534087667 0.01728222597215449 0.10637867069788497 0.40555510798908395 20110508877575.766 
116 0.4610168971390745 0.016362859753275 0.1021692820436597 0.4204509610639906 20110508877575.734 
117 0.45205234190911375 0.01546008458807014 0.0978143089538955 0.4346732645489207 20110508877575.754 
118 0.4438261045164828 0.014580863422753249 0.09337889686690327 0.44821413519386066 20110508877575.72 
119 0.43627649813540376 0.013730424322896373 0.08891907385529788 0.4610740036864021 20110508877575.746 
120 0.42934522687351434 0.012912528074318542 0.08448205408582889 0.4732601909663383 20110508877575.72 
121 0.42297788773588063 0.01212971513570161 0.08010680139016214 0.48478559573825575 20110508877575.766 
122 0.41712420621250146 0.011383526484110448 0.0758247524643588 0.4956675148390292 20110508877575.734 
123 0.41173807665179746 0.010674696631188139 0.07166062129072981 0.5059266054262846 20110508877575.75 
124 0.4067774653219256 0.010003319390955332 0.06763322648577688 0.5155859888013421 20110508877575.746 
125 0.40220422182710863 0.009368988276070207 0.06375630041371201 0.5246704894831091 20110508877575.73 
126 0.39798383389780084 0.008770914027221917 0.060039252783247725 0.5332059992917295 20110508877575.73 
127 0.3940851516820803 0.008208021989096247 0.05648787221708727 0.5412189541117362 20110508877575.734 
128 0.3904801004748876 0.007679032008273048 0.05310495732406822 0.548735910192771 20110508877575.734 
129 0.3871433951563383 0.007182523356564611 0.049890874573505044 0.5557832069135921 20110508877575.793 
130 0.3840522652479788 0.006716986948543603 0.04684404423082561 0.5623867035726521 20110508877575.75 
131 0.3811861962079792 0.006280866866578809 0.04396135818034433 0.5685715787450976 20110508877575.75 
132 0.3785266901613999 0.005872592954390244 0.04123853498904441 0.5743621818951654 20110508877575.734 
133 0.37605704751521524 0.005490606003300909 0.03867041834198573 0.5797819281394982 20110508877575.74 
134 0.3737621696852348 0.005133376839573619 0.03625122523095419 0.5848532282442375 20110508877575.79 
135 0.3716283823370787 0.004799420428221524 0.03397475017514225 0.5895974470595576 20110508877575.734 
136 0.36964327801562746 0.00448730593816619 0.031834531423910906 0.5940348846222954 20110508877575.79 
137 0.36779557672782137 0.004195663564281643 0.029823984630075077 0.598184775077822 20110508877575.73 
138 0.36607500289106404 0.003923188771982622 0.027936508953500347 0.602065299383453 20110508877575.727 
139 0.36447217701740015 0.0036686445177400843 0.026165570004752618 0.6056936084601071 20110508877575.76 
140 0.36297852053619395 0.0034308619024198666 0.024504763497284164 0.609085854064102 20110508877575.7 
141 0.36158617223928574 0.003208739631909459 0.0229478629635301 0.6122572251652748 20110508877575.793 
142 0.3602879149429276 0.0030012425895166277 0.021488854416559976 0.6152219880509958 20110508877575.754 
143 0.35907711108611284 0.0028073997655909547 0.020121960410331 0.6179935287379652 20110508877575.695 
144 0.35794764611540364 0.0026263017403724987 0.01884165556996019 0.6205843965742639 20110508877575.676 
145 0.35689387863502164 0.002457097874942612 0.01764267532807044 0.6230063481619653 20110508877575.73 
146 0.3559105964238712 0.002298993331204824 0.016520019311829455 0.6252703909330946 20110508877575.754 
147 0.35499297753473136 0.0021512460140194144 0.015468950574474137 0.6273868258767751 20110508877575.797 
148 0.35413655579465125 0.0020131635060320124 0.014484991651070978 0.6293652890482458 20110508877575.77 
149 0.35333719011828907 0.0018841000475474452 0.013563918237029278 0.6312147915971342 20110508877575.73 
150 0.3525910371280313 0.001763453599288212 0.012701751135513414 0.6329437581371669 20110508877575.742 
151 0.3518945266466863 0.001650663014408419 0.011894746992641323 0.6345600633462641 20110508877575.715 
152 0.3512443396908529 0.0015452053371692268 0.011139388233732079 0.6360710667382458 20110508877575.695 
153 0.3506373886469396 0.0014465932387577657 0.010432372526734577 0.637483645587568 20110508877575.754 
154 0.3500707993579641 0.0013543725954569294 0.009770602027501931 0.6388042260190769 20110508877575.734 
155 0.34954189488845777 0.001268120210420302 0.009151172603306092 0.6400388122978158 20110508877575.68 
156 0.34904818076850147 0.0011874416774041972 0.008571363183754453 0.64119301437034 20110508877575.742 
157 0.34858733154605626 0.0011119693827329647 0.00802862535020998 0.6422720737210008 20110508877575.68 
158 0.34815717850090616 0.0010413606403413128 0.0075205732443526865 0.6432808876143999 20110508877575.684 
159 0.34775569839376763 0.0009752959538036033 0.007044973852291659 0.644224031800137 20110508877575.72 
160 0.3473810031412866 0.0009134773987023143 0.006599737701520841 0.6451057817584902 20110508877575.785 
161 0.347031330322155 0.0008556271184162536 0.00618290999305796 0.6459301325663707 20110508877575.777 
162 0.3467050344317891 0.000801485926346244 0.005792662179516748 0.6467008174623479 20110508877575.754 
163 0.34640057881356656 0.0007508120076853523 0.005427283990999049 0.6474213251877491 20110508877575.727 
164 0.3461165282032227 0.0007033797140366566 0.005085175904005721 0.6480949161787349 20110508877575.766 
165 0.34585154183077443 0.0006589784444493475 0.0047648420436187675 0.6487246376811574 20110508877575.703 
166 0.34560436703059805 0.0006174116067577656 0.004464883505641081 0.6493133378570031 20110508877575.812 
167 0.3453738333158874 0.0005784956534479677 0.004183992082904967 0.6498636789477598 20110508877575.715 
168 0.34515884687840215 0.0005420591866270146 0.003920944378330217 0.6503781495566408 20110508877575.758 
169 0.34495838547861846 0.0005079421270232601 0.003674596286353891 0.6508590761080043 20110508877575.777 
170 0.34477149369478827 0.0004759949422905183 0.003443877823893271 0.6513086335390279 20110508877575.754 
171 0.34459727850270977 0.00044607793022360747 0.003227788291937026 0.6517288552751297 20110508877575.766 
172 0.34443490516052017 0.00041806055281107707 0.0030253917490776078 0.652121642537591 20110508877575.73 
173 0.3442835933753607 0.0003918208173526911 0.0028358127787299872 0.6524887730285567 20110508877575.746 
174 0.34414261373081034 0.00036724470115282685 0.002658232532364921 0.6528319090356719 20110508877575.74 
175 0.3440112843557995 0.0003442256165656969 0.0024918850317723162 0.6531526049958625 20110508877575.69 
176 0.34388896781748246 0.0003226639134151078 0.002336053714123414 0.6534523145549791 20110508877575.74 
177 0.34377506822186943 0.00030246641604026424 0.0021900682043957155 0.6537323971576946 20110508877575.67 
178 0.3436690285075552 0.0002835459924306674 0.0020533013005316824 0.6539941241994826 20110508877575.656 
179 0.3435703279188283 0.00026582115310900417 0.0019251661575157974 0.6542386847705469 20110508877575.79 
180 0.34347847964575506 0.00024921567760098276 0.0018051136573514833 0.6544671910192925 20110508877575.812 
181 0.34339302861961657 0.00023365826649734067 0.0016926299526990967 0.6546806831611871 20110508877575.66 
182 0.34331354945306636 0.00021908221726612596 0.0015872341726882746 0.6548801341569792 20110508877575.73 
183 0.34323964451516975 0.0002054251221140534 0.001488476280139528 0.6550664540825766 20110508877575.766 
184 0.34317094213216026 0.00019262858632510506 0.0013959350701168544 0.6552404942113979 20110508877575.652 
185 0.34310709490545427 0.00018063796562354617 0.0013092163003876485 0.6554030508285346 20110508877575.758 
186 0.3430477781391384 0.00016940212121809104 0.001227950944982917 0.6555548687946605 20110508877575.684 
187 0.3429926883695378 0.00015887319128439785 0.0011517935626329143 0.6556966448765449 20110508877575.727 
188 0.34294154199018373 0.0001490063777359594 0.0010804207724021064 0.6558290308596781 20110508877575.73 
189 0.34289407396582644 0.00013975974721848697 0.0010135298293602317 0.6559526364575948 20110508877575.758 
190 0.34285003662968194 0.0001310940453415312 0.0009508372936086828 0.6560680320313679 20110508877575.734 
191 0.3428091985583913 0.00012297252323327604 0.0008920777864318167 0.6561757511319437 20110508877575.703 
192 0.3427713435196792 0.00011536077557111711 0.0008370028277641894 0.6562762928769854 20110508877575.73 
193 0.34273626948792885 0.0001082265893020511 0.0007853797495578924 0.6563701241732113 20110508877575.71 
194 0.34270378772324095 0.00010153980232353217 0.000736990680001212 0.6564576817944342 20110508877575.703 
195 0.3426737219099117 9.527217144779103e-05 0.0006916315938821972 0.6565393743247583 20110508877575.75 
196 0.34264590735043327 8.939724902086258e-05 0.000649111424709666 0.6566155839758363 20110508877575.805 
197 0.34262019021142287 8.389026761218153e-05 0.0006092512345010632 0.6566866682864638 20110508877575.746 
198 0.3425964268181752 7.872803223186179e-05 0.0005718834374240509 0.6567529617121689 20110508877575.742 
199 0.34257448299463145 7.388881957088807e-05 0.0005368510737359519 0.6568147771120616 20110508877575.742 
200 0.3425542334458996 6.935228379476049e-05 0.0005040071307054864 0.6568724071396002 20110508877575.734 
201 0.342535561180559 6.509936845378463e-05 0.00047321390742485037 0.6569261255435623 20110508877575.734 
202 0.3425183569701809 6.111222410347401e-05 0.00044434242062809607 0.6569761883850875 20110508877575.773 
203 0.34250251884370403 5.737413125656692e-05 0.0004172718488257581 0.6570228351762136 20110508877575.69 
204 0.3424879516143894 5.386942831416949e-05 0.0003918890122459296 0.6570662899450505 20110508877575.746 
205 0.3424745664373057 5.058344414764729e-05 0.00036808788624019165 0.6571067622323065 20110508877575.72 
206 0.3424622803953311 4.750243502526065e-05 0.000345769145969098 0.6571444480236746 20110508877575.74 
207 0.3424510161119078 4.461352559833314e-05 0.0003248397403276853 0.6571795306221662 20110508877575.79 
208 0.3424407013887583 4.19046536810258e-05 0.0003052124932074366 0.657212181464353 20110508877575.742 
209 0.34243126886703645 3.936451857572064e-05 0.00028680573031721545 0.6572425608840704 20110508877575.703 
210 0.3424226557103486 3.698253271268891e-05 0.00026954292990387304 0.6572708188270349 20110508877575.785 
211 0.34241480330829477 3.4748776388210686e-05 0.00025335239582287224 0.6572970955194942 20110508877575.742 
212 0.34240765699915265 3.265395539972432e-05 0.00023816695151164914 0.6573215220939359 20110508877575.758 
213 0.34240116581055585 3.068936139000258e-05 0.00022392365351388431 0.6573442211745402 20110508877575.74 
214 0.34239528221691984 2.8846834724833414e-05 0.00021056352329177133 0.6573653074250635 20110508877575.695 
215 0.34238996191261634 2.711872974030806e-05 0.00019803129614640055 0.6573848880614969 20110508877575.82 
216 0.34238516359985327 2.5497882206646203e-05 0.00018627518614366397 0.6574030633317963 20110508877575.758 
217 0.3423808487903048 2.3977578865572905e-05 0.00017524666601532803 0.6574199269648143 20110508877575.78 
218 0.34237698161964164 2.255152890766988e-05 0.00016490026107227014 0.6574355665903784 20110508877575.695 
219 0.3423735286740836 2.1213837264872574e-05 0.00015519335622965296 0.657450064132422 20110508877575.723 
220 0.3423704588282657 1.995897960147368e-05 0.0001460860153025238 0.6574634961768304 20110508877575.746 
221 0.34236774309362933 1.878177889459484e-05 0.00013754081178505076 0.6574759343156911 20110508877575.74 
222 0.3423653544766768 1.7677383502214086e-05 0.00012952267037769053 0.6574874454694432 20110508877575.83 
223 0.34236326784651483 1.6641246623457413e-05 0.0001219987185743593 0.6574980921882873 20110508877575.734 
224 0.3423614598109563 1.566910706205934e-05 0.00011493814766619209 0.6575079329343154 20110508877575.715 
225 0.3423599086007806 1.4756971209677204e-05 0.00010831208256013852 0.6575170223454496 20110508877575.742 
226 0.3423585939615217 1.3901096171134519e-05 0.00010209345984949662 0.6575254114824577 20110508877575.78 
227 0.34235749705233454 1.3097973958710523e-05 9.625691360985354e-05 0.6575331480600969 20110508877575.75 
228 0.342356600351473 1.234431668729919e-05 9.077866842779317e-05 0.6575402766634119 20110508877575.703 
229 0.3423558875679809 1.1637042706654516e-05 8.563643920149777e-05 0.6575468389501108 20110508877575.777 
230 0.3423553435591409 1.0973263611049195e-05 8.080933728199745e-05 0.6575528738399661 20110508877575.824 
231 0.3423549542533629 1.0350272070508874e-05 7.627778255150887e-05 0.6575584176920151 20110508877575.758 
232 0.3423547065781199 9.765530431372879e-06 7.202342106126077e-05 0.6575635044703874 20110508877575.78 
233 0.3423545883926429 9.21666003728513e-06 6.80290478753737e-05 0.6575681658994444 20110508877575.746 
234 0.3423545884250104 8.701431224853149e-06 6.427853479002852e-05 0.6575724316089747 20110508877575.734 
235 0.34235469621341935 8.217753951141971e-06 6.0756762618333953e-05 0.6575763292700113 20110508877575.78 
236 0.3423549020512797 7.763669012913443e-06 5.744955775109876e-05 0.6575798847219562 20110508877575.81 
237 0.342355196935999 7.337339820079971e-06 5.4343632722244205e-05 0.6575831220914589 20110508877575.77 
238 0.3423555725210805 6.937044688242006e-06 5.142653052491155e-05 0.6575860639037063 20110508877575.68 
239 0.3423560210714244 6.5611696174181626e-06 4.868657244053036e-05 0.6575887311865175 20110508877575.73 
240 0.3423565354216032 6.208201526175519e-06 4.6112809158271814e-05 0.6575911435677123 20110508877575.785 
241 0.34235710893685384 5.876721912328026e-06 4.369497497649942e-05 0.6575933193662573 20110508877575.79 
242 0.342357735476714 5.565400913208882e-06 4.14234448911007e-05 0.6575952756774817 20110508877575.72 
243 0.342358409361025 5.272991740238492e-06 3.9289194388005654e-05 0.6575970284528466 20110508877575.742 
244 0.3423591253382313 4.998325464118836e-06 3.728376176882077e-05 0.6575985925745358 20110508877575.7 
245 0.34235987855577155 4.740306128487103e-06 3.539921284937789e-05 0.6575999819252506 20110508877575.766 
246 0.34236066453244496 4.497906171272169e-06 3.3628107881190415e-05 0.6576012094535025 20110508877575.742 
247 0.3423614791326397 4.270162134313019e-06 3.196347055532413e-05 0.6576022872346707 20110508877575.78 
248 0.34236231854225324 4.056170643033444e-06 3.039875895712103e-05 0.6576032265281466 20110508877575.734 
249 0.34236317924625853 3.8550846391202105e-06 2.8927838348552765e-05 0.6576040378307538 20110508877575.77 
250 0.34236405800774383 3.666109850234999e-06 2.75449556628051e-05 0.657604730926743 20110508877575.81 
251 0.3423649518483833 3.488501481800769e-06 2.624471560300618e-05 0.6576053149345319 20110508877575.742 
252 0.342365858030202 3.321561116851361e-06 2.5022058243860742e-05 0.6576057983504373 20110508877575.79 
253 0.34236677403858756 3.1646338108207175e-06 2.38722380413746e-05 0.6576061890895603 20110508877575.793 
254 0.34236769756642216 3.0171053689774996e-06 2.2790804161844665e-05 0.657606494524047 20110508877575.71 
255 0.3423686264993212 2.8783997949903197e-06 2.177358204692543e-05 0.6576067215188369 20110508877575.727 
256 0.34236955890182535 2.74797689983597e-06 2.081665613684088e-05 0.6576068764651379 20110508877575.742 
257 0.3423704930045759 2.6253300609455665e-06 1.9916353678742713e-05 0.6576069653116843 20110508877575.746 
258 0.3423714271923273 2.5099841221221103e-06 1.9069229551832244e-05 0.6576069935939987 20110508877575.773 
259 0.342372359992791 2.4014934253616407e-06 1.8272052045187415e-05 0.6576069664617384 20110508877575.727 
260 0.34237329006622924 2.2994399662695745e-06 1.7521789528284158e-05 0.6576068887042762 20110508877575.73 
261 0.34237421619576736 2.203431665289561e-06 1.681559795799569e-05 0.6576067647746092 20110508877575.7 
262 0.3423751372783763 2.113100747452629e-06 1.6150809169400737e-05 0.6576065988117068 20110508877575.754 
263 0.3423760523164478 2.0281022238155075e-06 1.5524919901063156e-05 0.6576063946614273 20110508877575.73 
264 0.3423769604099727 1.9481124681877617e-06 1.493558150855466e-05 0.6576061558960506 20110508877575.7 
265 0.34237786074925103 1.8728278831511174e-06 1.4380590322915451e-05 0.6576058858325428 20110508877575.766 
266 0.34237875260809914 1.8019636497534047e-06 1.385787861347953e-05 0.6576055875496376 20110508877575.793 
267 0.3423796353375415 1.735252555612471e-06 1.3365506117046744e-05 0.6576052639037859 20110508877575.73 
268 0.3423805083599173 1.6724438964990829e-06 1.2901652097789557e-05 0.6576049175440885 20110508877575.79 
269 0.3423813711634154 1.6133024467773912e-06 1.2464607904522994e-05 0.6576045509262333 20110508877575.734 
270 0.34238222329698903 1.557607494373462e-06 1.2052769994070133e-05 0.6576041663255227 20110508877575.74 
271 0.34238306436561994 1.5051519362153267e-06 1.166463339143122e-05 0.6576037658490524 20110508877575.746 
272 0.34238389402591113 1.4557414303430636e-06 1.1298785559306021e-05 0.6576033514470991 20110508877575.766 
273 0.3423847119820075 1.4091936011277224e-06 1.0953900651251187e-05 0.6576029249237402 20110508877575.707 
274 0.3423855179817745 1.3653372942615818e-06 1.0628734124373807e-05 0.6576024879468068 20110508877575.746 
275 0.3423863118132827 1.3240118783926316e-06 1.0322117688981531e-05 0.65760204205715 20110508877575.703 
276 0.34238709330152 1.285066590473413e-06 1.0032954574029762e-05 0.6576015886773156 20110508877575.78 
277 0.3423878623053354 1.248359922078234e-06 9.760215088541114e-06 0.6576011291196538 20110508877575.742 
278 0.3423886187146199 1.2137590441162665e-06 9.502932460418417e-06 0.6576006645938756 20110508877575.746 
279 0.34238936244766516 1.1811392675293677e-06 9.260198935242854e-06 0.657600196214132 20110508877575.766 
280 0.3423900934487426 1.1503835377158433e-06 9.031162118745278e-06 0.6575997250056009 20110508877575.703 
281 0.34239081168583074 1.1213819605629652e-06 8.81502154766282e-06 0.6575992519106609 20110508877575.75 
282 0.3423915171485305 1.0940313581045133e-06 8.611025474657753e-06 0.6575987777946368 20110508877575.715 
283 0.34239220984610036 1.068234851944452e-06 8.418467853873926e-06 0.6575983034511939 20110508877575.773 
284 0.34239288980568683 1.0439014727046839e-06 8.236685514551501e-06 0.657597829607326 20110508877575.766 
285 0.34239355707062824 1.0209457938643972e-06 8.065055510912122e-06 0.657597356928067 20110508877575.746 
286 0.3423942116989347 9.992875884611637e-07 7.902992637267117e-06 0.6575968860208397 20110508877575.723 
287 0.34239485376183587 9.788515072202714e-07 7.74994709799532e-06 0.6575964174395588 20110508877575.645 
288 0.3423954833424852 9.595667767686454e-07 7.605402322689545e-06 0.6575959516884154 20110508877575.758 
289 0.34239610053471936 9.41366916674539e-07 7.468872917378769e-06 0.6575954892254466 20110508877575.715 
290 0.3423967054419395 9.241894741327433e-07 7.339902743303959e-06 0.657595030465843 20110508877575.766 
291 0.34239729817607306 9.079757751899494e-07 7.218063115263485e-06 0.6575945757850367 20110508877575.73 
292 0.34239787885659406 8.92670691473665e-07 7.102951112042503e-06 0.6575941255216025 20110508877575.79 
293 0.3423984476096635 8.782224214537178e-07 6.994187991912406e-06 0.6575936799799232 20110508877575.74 
294 0.34239900456728056 8.645822853259829e-07 6.891417706626545e-06 0.6575932394327274 20110508877575.74 
295 0.34239954986656507 8.517045326655865e-07 6.794305507751422e-06 0.6575928041233946 20110508877575.72 
296 0.342400083649037 8.395461620498715e-07 6.7025366395576545e-06 0.6575923742681614 20110508877575.73 
297 0.34240060605998546 8.280667519021394e-07 6.615815113060774e-06 0.6575919500581496 20110508877575.74 
298 0.34240111724789424 8.172283018537572e-07 6.533862556136932e-06 0.6575915316612478 20110508877575.79 
299 0.3424016173639061 8.069950839667778e-07 6.456417134961464e-06 0.6575911192238749 20110508877575.72 
300 0.34240210656130665 7.973335031999079e-07 6.383232542312708e-06 0.6575907128726478 20110508877575.758 
301 0.34240258499509446 7.882119665401544e-07 6.314077048565512e-06 0.6575903127158904 20110508877575.7 
302 0.3424030528215764 7.796007602579256e-07 6.248732611459005e-06 0.6575899188450518 20110508877575.742 
303 0.34240351019796705 7.714719347780919e-07 6.186994040970295e-06 0.6575895313360572 20110508877575.758 
304 0.34240395728206124 7.637991966907587e-07 6.128668215853693e-06 0.6575891502505262 20110508877575.754 
305 0.34240439423191454 7.565578074558956e-07 6.073573348622556e-06 0.6575887756369295 20110508877575.77 
306 0.3424048212055618 7.497244883834642e-07 6.021538295951991e-06 0.6575884075316539 20110508877575.727 
307 0.34240523836076364 7.432773314972551e-07 5.972401911669483e-06 0.657588045959993 20110508877575.73 
308 0.34240564585476035 7.371957159150766e-07 5.926012439679245e-06 0.6575876909370841 20110508877575.73 
309 0.3424060438440769 7.314602294009173e-07 5.8822269443305255e-06 0.6575873424687493 20110508877575.7 
310 0.34240643248431146 7.260525947663905e-07 5.840910775898197e-06 0.6575870005523179 20110508877575.77 
311 0.34240681192998984 7.209556008189733e-07 5.801937068987776e-06 0.6575866651773404 20110508877575.766 
312 0.3424071823343959 7.161530375734135e-07 5.765186271815498e-06 0.6575863363262947 20110508877575.688 
313 0.34240754384942834 7.11629635460529e-07 5.730545704441339e-06 0.6575860139752318 20110508877575.73 
314 0.3424078966255024 7.07371008284392e-07 5.6979091441543966e-06 0.6575856980943452 20110508877575.72 
315 0.3424082408114211 7.033635996940727e-07 5.667176436320365e-06 0.6575853886485429 20110508877575.74 
316 0.34240857655428586 6.995946329513365e-07 5.638253129109859e-06 0.6575850855979521 20110508877575.82 
317 0.3424089039994309 6.96052063788914e-07 5.611050130621906e-06 0.6575847888983747 20110508877575.76 
318 0.3424092232903204 6.927245361669439e-07 5.585483387012158e-06 0.6575844985017565 20110508877575.746 
319 0.34240953456851214 6.896013407474569e-07 5.5614735803210165e-06 0.6575842143565669 20110508877575.727 
320 0.3424098379735998 6.86672375917659e-07 5.538945844779219e-06 0.6575839364081796 20110508877575.73 
321 0.3424101336431607 6.839281112036573e-07 5.517829500444388e-06 0.6575836645992277 20110508877575.734 
322 0.34241042171272695 6.813595529260947e-07 5.498057803093063e-06 0.657583398869917 20110508877575.75 
323 0.3424107023157573 6.789582119583812e-07 5.479567709361771e-06 0.6575831391583215 20110508877575.707 
324 0.34241097558361444 6.76716073457005e-07 5.4622996561911734e-06 0.6575828854006559 20110508877575.75 
325 0.34241124164554476 6.746255684415424e-07 5.446197353688635e-06 0.657582637531533 20110508877575.76 
326 0.34241150062867415 6.726795471096583e-07 5.431207590577695e-06 0.657582395484188 20110508877575.707 
327 0.3424117526579955 6.708712537794567e-07 5.417280051456679e-06 0.6575821591906992 20110508877575.7 
328 0.3424119978563738 6.691943033584616e-07 5.404367145136159e-06 0.6575819285821779 20110508877575.688 
329 0.34241223634454837 6.67642659244607e-07 5.392423843370288e-06 0.6575817035889491 20110508877575.727 
330 0.34241246824113714 6.662106125706508e-07 5.381407529341266e-06 0.657581484140721 20110508877575.78 
331 0.3424126936626483 6.648927627088886e-07 5.371277855294133e-06 0.6575812701667336 20110508877575.754 
332 0.34241291272349034 6.636839989582957e-07 5.361996608758106e-06 0.6575810615959019 20110508877575.785 
333 0.34241312553600106 6.625794833410873e-07 5.353527586825711e-06 0.6575808583569287 20110508877575.754 
334 0.34241333221045084 6.61574634440143e-07 5.345836477993127e-06 0.6575806603784367 20110508877575.754 
335 0.3424135328550736 6.60665112213177e-07 5.338890751096886e-06 0.6575804675890631 20110508877575.74 
336 0.3424137275760809 6.598468037234378e-07 5.332659550910662e-06 0.6575802799175644 20110508877575.734 
337 0.34241391647770086 6.591158097304761e-07 5.3271135999931555e-06 0.6575800972928894 20110508877575.727 
338 0.3424140996621934 6.584684320881025e-07 5.322225106403833e-06 0.6575799196442682 20110508877575.766 
339 0.3424142772298784 6.579011618999659e-07 5.317967676926577e-06 0.6575797469012828 20110508877575.67 
340 0.34241444927917275 6.574106683860851e-07 5.314316235464025e-06 0.6575795789939233 20110508877575.668 
341 0.34241461590661304 6.569937884169359e-07 5.3112469462865384e-06 0.6575794158526522 20110508877575.73 
342 0.34241477720689195 6.56647516674079e-07 5.308737141839815e-06 0.6575792574084496 20110508877575.67 
343 0.34241493327288275 6.563689963989252e-07 5.306765254831618e-06 0.6575791035928662 20110508877575.742 
344 0.34241508419568945 6.561555106938705e-07 5.305310754338577e-06 0.6575789543380455 20110508877575.773 
345 0.3424152300646529 6.560044743419331e-07 5.3043540856872255e-06 0.657578809576787 20110508877575.676 
346 0.34241537096740954 6.559134261133714e-07 5.3038766138808684e-06 0.6575786692425504 20110508877575.734 
347 0.342415506989912 6.558800215296307e-07 5.303860570356797e-06 0.6575785332694961 20110508877575.65 
348 0.34241563821646936 6.559020260567774e-07 5.304289002872021e-06 0.6575784015925017 20110508877575.742 
349 0.3424157647297783 6.559773087024962e-07 5.305145728329411e-06 0.6575782741471846 20110508877575.742 
350 0.3424158866109563 6.561038359920509e-07 5.306415288365309e-06 0.6575781508699192 20110508877575.754 
351 0.34241600393958554 6.562796663004253e-07 5.308082907533986e-06 0.6575780316978405 20110508877575.746 
352 0.34241611679373757 6.565029445191092e-07 5.310134453931895e-06 0.657577916568864 20110508877575.723 
353 0.3424162252500039 6.567718970374017e-07 5.312556402115817e-06 0.657577805421697 20110508877575.707 
354 0.34241632938355604 6.570848270193424e-07 5.315335798177895e-06 0.6575776981958188 20110508877575.727 
355 0.34241642926814597 6.574401099585008e-07 5.318460226848604e-06 0.6575775948315171 20110508877575.758 
356 0.3424165249761654 6.57836189494151e-07 5.321917780507386e-06 0.6575774952698644 20110508877575.777 
357 0.3424166165786688 6.58271573473078e-07 5.325697029987571e-06 0.6575773994527278 20110508877575.742 
358 0.3424167041454062 6.587448302425262e-07 5.3297869970695765e-06 0.6575773073227664 20110508877575.754 
359 0.34241678774486417 6.592545851605944e-07 5.334177128563108e-06 0.6575772188234221 20110508877575.723 
360 0.34241686744429245 6.597995173111287e-07 5.338857271884524e-06 0.6575771338989184 20110508877575.703 
361 0.3424169433097362 6.603783564111786e-07 5.34381765204246e-06 0.6575770524942552 20110508877575.77 
362 0.34241701540606745 6.609898798996301e-07 5.3490488499493075e-06 0.6575769745552027 20110508877575.75 
363 0.3424170837970332 6.616329101964554e-07 5.3545417819814715e-06 0.6575769000282747 20110508877575.727 
364 0.3424171485452592 6.623063121226457e-07 5.360287680716599e-06 0.657576828860748 20110508877575.77 
365 0.34241720971230266 6.630089904714493e-07 5.366278076779507e-06 0.65757676100063 20110508877575.723 
366 0.342417267358671 6.637398877222097e-07 5.3725047817339855e-06 0.6575766963966595 20110508877575.734 
367 0.342417321543857 6.644979818885946e-07 5.3789598719601545e-06 0.6575766349982891 20110508877575.74 
368 0.3424173723263734 6.652822844934605e-07 5.385635673461904e-06 0.6575765767556686 20110508877575.73 
369 0.3424174197637649 6.660918386632083e-07 5.392524747552036e-06 0.657576521619649 20110508877575.76 
370 0.34241746391265576 6.669257173347486e-07 5.399619877365483e-06 0.6575764695417495 20110508877575.73 
371 0.3424175048287714 6.677830215688134e-07 5.406914055154891e-06 0.6575764204741518 20110508877575.71 
372 0.34241754256695045 6.686628789635281e-07 5.4144004703247935e-06 0.6575763743697003 20110508877575.793 
373 0.34241757718120025 6.695644421627748e-07 5.4220724981646184e-06 0.6575763311818593 20110508877575.758 
374 0.34241760872470145 6.704868874538479e-07 5.429923689240419e-06 0.6575762908647219 20110508877575.793 
375 0.3424176372498419 6.714294134497578e-07 5.437947759412173e-06 0.6575762533729853 20110508877575.695 
376 0.3424176628082362 6.723912398512604e-07 5.446138580440406e-06 0.6575762186619435 20110508877575.74 
