0 0.9995885717885261 0.00041142821147382844 0.0 0.0 20106794839047.74 
1 0.9996716223762262 0.00013867213293174507 0.00016127271538476194 2.8432775457228302e-05 20110508877575.734 
2 0.9996773868073073 7.721965584180562e-05 0.00018687093005185983 5.852260679893851e-05 20110508877575.77 
3 0.9996552307541398 6.41159641081221e-05 0.0001927447054763591 8.790857627578535e-05 20110508877575.746 
4 0.9996237347343592 6.178602927931028e-05 0.00019740486487400548 0.00011707437148753088 20110508877575.805 
5 0.9995870968089391 6.247577660954138e-05 0.00020378613100925367 0.00014664128344213191 20110508877575.77 
6 0.9995459496476817 6.444288142621459e-05 0.00021243712345580428 0.00017717034743617929 20110508877575.72 
7 0.9994998093596412 6.731445796009797e-05 0.00022367200603976646 0.00020920417635875683 20110508877575.695 
8 0.9994477225337894 7.108076649248942e-05 0.0002378928288979317 0.00024330387082016204 20110508877575.72 
9 0.9993884526236197 7.585181902359106e-05 0.00025561994056443017 0.00028007561679220625 20110508877575.758 
10 0.9993205202438113 8.17941697163053e-05 0.00027749052310300126 0.000320195063369337 20110508877575.74 
11 0.9992421869226933 8.911582221126742e-05 0.00030426457874046446 0.0003644326763549894 20110508877575.707 
12 0.9991514124222063 9.806583472747446e-05 0.00033684074889454987 0.0004136809941717775 20110508877575.766 
13 0.9990457963725694 0.00010893935448020003 0.00037627990861979505 0.00046898436433050796 20110508877575.812 
14 0.9989225074802475 0.00012208537566785587 0.00042383519748575947 0.0005315719465988269 20110508877575.727 
15 0.9987782003169773 0.00013791647884046383 0.00048098818721417543 0.000602895016968124 20110508877575.633 
16 0.9986089181512159 0.00015692045943690186 0.0005494915971203591 0.0006846697922269419 20110508877575.785 
17 0.9984099794552911 0.00017967399765426428 0.0006314194087897048 0.000778927138264947 20110508877575.707 
18 0.9981758451914245 0.000206858630418579 0.0007292255170218665 0.0008880706611350208 20110508877575.684 
19 0.9978999635654575 0.00023927934356925514 0.0008458122592460804 0.0010149448317271577 20110508877575.656 
20 0.9975745885674313 0.00027788613452925327 0.0009846103252245419 0.0011629149728148473 20110508877575.637 
21 0.9971905682798274 0.0003237989079027146 0.0011496716706026371 0.0013359611416672453 20110508877575.824 
22 0.9967370986500526 0.0003783360542794989 0.0013457771299893197 0.001538788165678681 20110508877575.742 
23 0.9962014382461518 0.0004430470152495515 0.0015785604192239185 0.001776954319374667 20110508877575.734 
24 0.9955685795279273 0.0005197490382219286 0.001854650085885322 0.002057021347965466 20110508877575.76 
25 0.9948208724927385 0.0006105681488744572 0.0021818306438964622 0.0023867287144905738 20110508877575.73 
26 0.993937597369144 0.0007179840840225162 0.002569223517070418 0.0027751950297630326 20110508877575.73 
27 0.9928944845679323 0.000844878490328334 0.003027487388639408 0.003233149553099901 20110508877575.78 
28 0.9916631826707906 0.0009945850505870834 0.003569035940037744 0.003773196338584639 20110508877575.707 
29 0.9902106792388132 0.0011709392855180595 0.004208268549445171 0.0044101129262233835 20110508877575.688 
30 0.9884986851360937 0.0013783245264250364 0.004961806055332022 0.00516118428214912 20110508877575.684 
31 0.9864830014238004 0.001621708901281718 0.005848718896455915 0.00604657077846203 20110508877575.746 
32 0.9841128992093584 0.0019066660926416446 0.00689072856278687 0.00708970613521309 20110508877575.72 
33 0.981330557500882 0.0022393701489113343 0.008112355183587583 0.008317717166619061 20110508877575.812 
34 0.9780706220929908 0.002626551927912588 0.00954097434059957 0.009761851638497122 20110508877575.715 
35 0.9742599690282393 0.0030754021920865655 0.011206735384552436 0.011457893395121668 20110508877575.75 
36 0.969817777303385 0.0035934045960120775 0.013142282920136215 0.013446535180466512 20110508877575.8 
37 0.9646560337589959 0.004188081726705953 0.01538221490020724 0.01577366961409095 20110508877575.723 
38 0.9586806035029587 0.00486664004514265 0.01796220805507478 0.018490548396823753 20110508877575.723 
39 0.9517929959660236 0.0056355059084885195 0.020917747775873338 0.021653750349614538 20110508877575.75 
40 0.9438929348907392 0.0064997549581912685 0.02428241806244502 0.025324892088624547 20110508877575.68 
41 0.9348817986021813 0.007462449940547546 0.028085738585244414 0.02957001287202664 20110508877575.82 
42 0.9246669378847521 0.008523915290999249 0.0323505779080927 0.034458568916155945 20110508877575.707 
43 0.9131668087434242 0.009680988567267568 0.03709021960574833 0.04006198308355993 20110508877575.742 
44 0.9003167794875697 0.010926299400727705 0.04230520746106517 0.04645171365063737 20110508877575.727 
45 0.8860753799118846 0.012247639856243475 0.04798014856599943 0.05369683166587256 20110508877575.72 
46 0.8704306403718187 0.01362751076411667 0.054080716475001706 0.06186113238906291 20110508877575.67 
47 0.8534060115543223 0.015042956071137755 0.06055117668433524 0.07099985569020474 20110508877575.617 
48 0.8350651815055115 0.016465819281999288 0.06731284443039892 0.0811561547820905 20110508877575.746 
49 0.8155149761558301 0.017863550026699683 0.07426394556496024 0.09235752825250979 20110508877575.688 
50 0.7949055305520519 0.01920063360608446 0.08128133160915842 0.10461250423270516 20110508877575.723 
51 0.7734271213762668 0.020440608606809924 0.08822435295463801 0.11790791706228529 20110508877575.652 
52 0.7513034660849618 0.021548500161802476 0.09494091017204086 0.13220712358119496 20110508877575.688 
53 0.7287818470370856 0.022493371999997246 0.10127532810362136 0.14744945285929573 20110508877575.703 
54 0.7061209741686538 0.023250634013073902 0.10707732278159779 0.16355106903667455 20110508877575.71 
55 0.6835779065311075 0.023803761129083997 0.11221106387709197 0.1804072684627166 20110508877575.734 
56 0.6613955014348608 0.0241451821692441 0.1165632569741029 0.19789605942179214 20110508877575.73 
57 0.6397917186987482 0.024276254232380435 0.12004930690385254 0.21588272016501872 20110508877575.68 
58 0.6189517298847854 0.024206403279881102 0.12261693871721853 0.23422492811811502 20110508877575.71 
59 0.5990232805606611 0.02395164105806368 0.12424706221740135 0.25277801616387396 20110508877575.71 
60 0.580115255173749 0.023532735153245783 0.12495206891449498 0.27139994075851037 20110508877575.73 
61 0.5622990009417141 0.022973308708636786 0.12477206296961842 0.28995562738003056 20110508877575.734 
62 0.5456117321003815 0.02229809445460639 0.12376970400156799 0.30832046944344416 20110508877575.773 
63 0.5300612612962109 0.02153148922868807 0.12202437530113977 0.3263828741739612 20110508877575.746 
64 0.5156313574785926 0.020696474468239783 0.11962631398669235 0.34404585406647525 20110508877575.73 
65 0.5022871604444377 0.019813902200439697 0.11667119372281333 0.3612277436323094 20110508877575.73 
66 0.4899802440274061 0.018902102358829647 0.11325547994656879 0.3778621736671955 20110508877575.78 
67 0.47865307730144263 0.017976745575723384 0.10947271645188537 0.3938974606709486 20110508877575.73 
68 0.4682427651238988 0.017050891148592803 0.10541077137742422 0.4092955723500841 20110508877575.72 
69 0.458684047585312 0.01613515641691057 0.10114997814201317 0.42403081785576424 20110508877575.73 
70 0.44991160292175214 0.01523795568757304 0.09676205146172624 0.4380883899289486 20110508877575.684 
71 0.44186173542062807 0.014365770032154435 0.09230963381450157 0.45146286073271596 20110508877575.72 
72 0.4344735457661861 0.013523421320654544 0.08784632522388328 0.4641567076892759 20110508877575.793 
73 0.4276896828868796 0.012714333652882234 0.08341706093406975 0.4761789225261685 20110508877575.79 
74 0.42145676930595405 0.011940772674798174 0.0790587207994441 0.48754373721980376 20110508877575.805 
75 0.41572558046225194 0.011204058373703942 0.07480087616668259 0.4982694849973615 20110508877575.74 
76 0.41045104533263094 0.010504750275388613 0.07066660153050781 0.5083776028614727 20110508877575.734 
77 0.4055921227404385 0.009842805982207027 0.06667329750349354 0.517891773773861 20110508877575.758 
78 0.40111159596866686 0.00921771509636444 0.06283348784996011 0.5268372010850085 20110508877575.74 
79 0.3969758181609694 0.00862861108138226 0.059155566331888364 0.53524000442576 20110508877575.74 
80 0.393154432594829 0.008074363754058195 0.05564447911433793 0.5431267245367749 20110508877575.734 
81 0.3896200851598735 0.007553655024371618 0.05230233587779242 0.5505239239379625 20110508877575.715 
82 0.38634814108211035 0.00706504031258542 0.049128948044999635 0.5574578705603046 20110508877575.68 
83 0.3833164138787142 0.006606997833752815 0.04612229609841462 0.5639542921891185 20110508877575.727 
84 0.38050491148490484 0.00617796768681383 0.04327893024023813 0.5700381905880433 20110508877575.773 
85 0.3778956022609339 0.005776382438906136 0.04059430996536858 0.5757337053347913 20110508877575.734 
86 0.3754722019878375 0.005400690665795572 0.038063088748063766 0.5810640185983033 20110508877575.76 
87 0.3732199818490632 0.005049374700932263 0.03567935019606317 0.5860512932539413 20110508877575.73 
88 0.3711255966527277 0.004720963659722342 0.03343680186075633 0.5907166378267937 20110508877575.746 
89 0.36917693208179886 0.004414042641622234 0.03132893252684738 0.5950800927497315 20110508877575.695 
90 0.3673629694932999 0.004127258869200843 0.029349138325110834 0.5991606333123884 20110508877575.7 
91 0.3656736666651886 0.0038593253986602466 0.02749082247758745 0.6029761854585638 20110508877575.777 
92 0.36409985286798224 0.003609022928632903 0.02574747293712178 0.6065436512662631 20110508877575.77 
93 0.3626331366840316 0.0033752001416268874 0.024112721649788484 0.6098789415245532 20110508877575.67 
94 0.3612658250865318 0.003156772933586957 0.022580388666544476 0.6129970133133368 20110508877575.734 
95 0.3599908524048294 0.0029527228201237338 0.021144513869141113 0.6159119109059057 20110508877575.746 
96 0.35880171792930127 0.002762094751587841 0.01979937865959497 0.618636808659516 20110508877575.727 
97 0.3576924310392673 0.0025839945220020558 0.01853951959354179 0.6211840548451889 20110508877575.69 
98 0.35665746286448713 0.002417585917694811 0.017359735614398086 0.62356521560342 20110508877575.74 
99 0.3556917036113324 0.002262087719191838 0.01625509026486673 0.625791118404609 20110508877575.8 
100 0.3547904247957822 0.002116770643526507 0.015220910011484057 0.6278718945492072 20110508877575.695 
101 0.35394924572616593 0.0019809542927213056 0.014252779612760377 0.6298170203683523 20110508877575.79 
102 0.3531641036687231 0.0018540041569865347 0.013346535288055865 0.6316353568862345 20110508877575.742 
103 0.35243122720835784 0.001735328707477676 0.012498256298749085 0.6333351877854154 20110508877575.758 
104 0.35174711238639833 0.0016243766026482764 0.011704255431864647 0.6349242555790887 20110508877575.766 
105 0.35110850125745885 0.0015206340238088003 0.010961068775691437 0.6364097959430409 20110508877575.684 
106 0.35051236255915913 0.0014236221490115878 0.010265445094036423 0.6377985701977928 20110508877575.727 
107 0.34995587423293767 0.0013328947694547435 0.009614335037859552 0.6390968959597481 20110508877575.727 
108 0.34943640757200223 0.001248036048918519 0.0090048803777489 0.6403106760013304 20110508877575.81 
109 0.3489515128045174 0.001168658424061642 0.008434403395952396 0.6414454253754684 20110508877575.72 
110 0.34849890594753696 0.0010944006414959578 0.007900396540674376 0.6425062968702928 20110508877575.676 
111 0.34807645679003746 0.0010249259262543613 0.007400512416578211 0.6434981048671301 20110508877575.758 
112 0.3476821778831315 0.0009599202754300201 0.006932554162593559 0.644425347678845 20110508877575.805 
113 0.34731421443176064 0.0008990908702804483 0.006494466250144252 0.6452922284478146 20110508877575.742 
114 0.3469708349962659 0.0008421645998715303 0.006084325720875606 0.6461026746829869 20110508877575.703 
115 0.3466504229240566 0.0007888866893120467 0.0057003338721176265 0.6468603565145138 20110508877575.74 
116 0.34635146844136677 0.000739019425745314 0.0053408083900504605 0.6475687037428375 20110508877575.746 
117 0.34607256134390757 0.00069234097547793 0.005004175924330729 0.6482309217562836 20110508877575.81 
118 0.3458123842322185 0.000648644285904658 0.0046889650933727095 0.6488500063885042 20110508877575.75 
119 0.34556970624383404 0.0006077360662080842 0.004393799906212881 0.6494287577837449 20110508877575.754 
120 0.34534337723967284 0.0005694358411534645 0.004117393584648185 0.6499697933345254 20110508877575.76 
121 0.345132322406697 0.0005335750726501753 0.0038585427678956546 0.6504755597527572 20110508877575.74 
122 0.34493553724267023 0.0004999963441009766 0.003616122081203188 0.6509483443320256 20110508877575.73 
123 0.34475208289255954 0.0004685526029020934 0.0033890790494943155 0.6513902854550441 20110508877575.76 
124 0.3445810818088555 0.00043910645678685604 0.003176429337144323 0.6518033823972134 20110508877575.74 
125 0.34442171371089086 0.0004115295200193239 0.0029772522952670297 0.6521895044738227 20110508877575.746 
126 0.34427321182049847 0.00038570180574099716 0.0027906867983693334 0.6525503995753912 20110508877575.74 
127 0.34413485935331406 0.0003615111610520676 0.002615927352845093 0.6528877021327889 20110508877575.73 
128 0.34400598624701917 0.0003388527416686085 0.002452220460490242 0.6532029405508221 20110508877575.766 
129 0.34388596610921335 0.0003176285232388623 0.0022988612209889877 0.6534975441465589 20110508877575.766 
130 0.34377421336922653 0.00029774684662597423 0.0021551901581215015 0.6537728496260259 20110508877575.71 
131 0.34367018061935845 0.00027912199467190806 0.0020205902552572264 0.6540301071307124 20110508877575.72 
132 0.3435733561322541 0.00026167379814873653 0.0018944841865077017 0.6542704858830893 20110508877575.76 
133 0.34348326154215303 0.0002453272687799709 0.0017763317307090932 0.6544950794583578 20110508877575.78 
134 0.3433994496786987 0.00023001225737727485 0.0016656273561781927 0.6547049107077458 20110508877575.74 
135 0.34332150254284194 0.0002156631352874883 0.0015618979649315602 0.654900936356939 20110508877575.73 
136 0.3432490294151968 0.00020221849748263418 0.00146470078577153 0.655084051301549 20110508877575.79 
137 0.3431816650878958 0.0001896208857521901 0.0013736214063231533 0.6552550926200288 20110508877575.78 
138 0.34311906821159294 0.0001778165305733461 0.0012882719347504566 0.6554148433230832 20110508877575.69 
139 0.343060919750015 0.00016675511034220907 0.001208289282490517 0.6555640358571522 20110508877575.777 
140 0.3430069215347968 0.00015638952674733257 0.0011333335599175297 0.6557033553785384 20110508877575.703 
141 0.34295679491405073 0.00014667569515772574 0.0010630865773887533 0.6558334428134027 20110508877575.73 
142 0.3429102794884183 0.00013757234898092703 0.0009972504446305985 0.6559548977179703 20110508877575.703 
143 0.342867131928885 0.00012904085702358887 0.0009355462618972022 0.6560682809521943 20110508877575.742 
144 0.342827124871017 0.00012104505295784937 0.0008777128967773017 0.6561741171792478 20110508877575.746 
145 0.342790045880561 0.00011355107606198784 0.0008235058409396881 0.6562728972024373 20110508877575.73 
146 0.3427556964858365 0.0001065272224640796 0.0007726961414941437 0.6563650801502052 20110508877575.7 
147 0.34272389127253716 9.994380617284804e-05 0.000725069402006012 0.656451095519284 20110508877575.723 
148 0.3426944570368625 9.377302923116732e-05 0.0006804248485385017 0.6565313450853678 20110508877575.695 
149 0.34266723199327337 8.798886037500976e-05 0.0006385744564108286 0.6566062046899408 20110508877575.76 
150 0.34264206503327554 8.256692162432966e-05 0.0005993421336521717 0.656676025911448 20110508877575.797 
151 0.34261881503198394 7.748438227283804e-05 0.0005625629574034493 0.6567411376283399 20110508877575.707 
152 0.3425973501993298 7.271985978099909e-05 0.0005280824597724142 0.6568018474811167 20110508877575.746 
153 0.342577547473109 6.825332711118929e-05 0.0004957559598835055 0.6568584432398964 20110508877575.727 
154 0.3425592919511063 6.406602607600966e-05 0.0004654479390832323 0.6569111940837343 20110508877575.73 
155 0.34254247635983914 6.0140386300426363e-05 0.0004370314564667834 0.6569603517973936 20110508877575.734 
156 0.3425270005575386 5.645994942592121e-05 0.0004103876020815731 0.6570061518909538 20110508877575.758 
157 0.34251277106917166 5.300929821035728e-05 0.0003854049853410092 0.6570488146472769 20110508877575.78 
158 0.34249970065144897 4.977399020091794e-05 0.0003619792563466399 0.6570885461020033 20110508877575.746 
159 0.3424877078858915 4.674049567945119e-05 0.00034001265797072304 0.6571255389604583 20110508877575.81 
160 0.3424767167982053 4.3896139599947705e-05 0.00031941360669436293 0.6571599734555005 20110508877575.727 
161 0.3424666565021474 4.1229047256808426e-05 0.0003000963003297522 0.6571920181502661 20110508877575.734 
162 0.3424574608664882 3.87280934401821e-05 0.0002819803508794363 0.6572218306891922 20110508877575.766 
163 0.3424490682034383 3.638285485099849e-05 0.00026499044090110083 0.6572495585008096 20110508877575.71 
164 0.34244142097723396 3.418356556354831e-05 0.0002490560018544913 0.6572753394553481 20110508877575.71 
165 0.34243446553160717 3.212107533761564e-05 0.00023411091300754548 0.6572993024800475 20110508877575.746 
166 0.34242815183484665 3.0186810595342394e-05 0.0002200932195726239 0.6573215681349853 20110508877575.734 
167 0.34242243324142 2.837273789026399e-05 0.0002069448688311242 0.6573422491518585 20110508877575.77 
168 0.3424172662690228 2.6671329707379043e-05 0.00019461146308632823 0.6573614509381834 20110508877575.715 
169 0.34241261039008053 2.507553244374703e-05 0.0001830420283603539 0.6573792720491154 20110508877575.703 
170 0.34240842783680925 2.3578736429028317e-05 0.00017218879782205024 0.6573958046289398 20110508877575.754 
171 0.3424046834189124 2.2174747854603008e-05 0.00016200700899881917 0.6574111348242342 20110508877575.734 
172 0.34240134435312997 2.0857762488528016e-05 0.0001524547138871502 0.6574253431704943 20110508877575.758 
173 0.3423983801038885 1.9622341061618763e-05 0.00014349260113432136 0.6574385049539155 20110508877575.73 
174 0.3423957622343022 1.84633862174256e-05 0.00013508382951746127 0.6574506905499629 20110508877575.645 
175 0.34239346426689293 1.737612092587002e-05 0.00012719387199649758 0.6574619657401846 20110508877575.727 
176 0.34239146155338696 1.635606826681944e-05 0.00011979036966436965 0.6574723920086818 20110508877575.77 
177 0.34238973115300203 1.5399032495967244e-05 0.00011284299496171492 0.6574820268195403 20110508877575.69 
178 0.34238825171867693 1.4501081311065988e-05 0.00010632332356417196 0.6574909238764479 20110508877575.73 
179 0.34238700339075734 1.3658529241865692e-05 0.00010020471438866878 0.657499133365612 20110508877575.734 
180 0.3423859676976097 1.2867922092059868e-05 9.44621972007512e-05 0.6575067021830975 20110508877575.72 
181 0.34238512746274685 1.2126022366173502e-05 8.907236733844036e-05 0.6575136741475486 20110508877575.727 
182 0.3423844667180499 1.1429795618645692e-05 8.401328709923867e-05 0.6575200901992322 20110508877575.73 
183 0.342383970622668 1.0776397666400384e-05 7.926439336608219e-05 0.6575259885862995 20110508877575.777 
184 0.3423836253872505 1.0163162609972155e-05 7.480641107529243e-05 0.6575314050390643 20110508877575.72 
185 0.34238341820314744 9.587591611780673e-06 7.062127215502295e-05 0.6575363729330859 20110508877575.73 
186 0.342383337176269 9.047342383446715e-06 6.66920395865591e-05 0.6575409234417608 20110508877575.727 
187 0.3423833712653003 8.54021933712244e-06 6.300283626304325e-05 0.6575450856790996 20110508877575.676 
188 0.34238351022398983 8.06416435869381e-06 5.953877834107197e-05 0.6575488868333104 20110508877575.777 
189 0.3423837445472365 7.617248163406081e-06 5.628591280005975e-05 0.6575523522918001 20110508877575.793 
190 0.3423840654207391 7.1976621969837875e-06 5.323115894248412e-05 0.6575555057581214 20110508877575.8 
191 0.34238446467397854 6.80371104767604e-06 5.036225358517694e-05 0.6575583693613887 20110508877575.754 
192 0.34238493473630316 6.433805336861946e-06 4.7667699707757544e-05 0.6575609637586523 20110508877575.707 
193 0.34238546859592794 6.086455057913281e-06 4.513671833921971e-05 0.657563308230675 20110508877575.816 
194 0.34238605976165365 5.760263334943564e-06 4.275920347763795e-05 0.6575654207715336 20110508877575.754 
195 0.34238670222711803 5.453920574876158e-06 4.052567985100774e-05 0.657567318172456 20110508877575.785 
196 0.34238739043743727 5.16619898795703e-06 3.842726333947096e-05 0.6575690161002352 20110508877575.723 
197 0.34238811925805374 4.895947453416337e-06 3.645562389058195e-05 0.6575705291706023 20110508877575.8 
198 0.34238888394567296 4.642086708464539e-06 3.460295076999572e-05 0.6575718710168487 20110508877575.766 
199 0.34238968012112414 4.403604840193686e-06 3.286191999995895e-05 0.6575730543540357 20110508877575.754 
200 0.34239050374404517 4.179553061251285e-06 3.122566384736694e-05 0.6575740910390462 20110508877575.723 
201 0.34239135108926727 3.969041751367551e-06 2.9687742231916024e-05 0.6575749921267495 20110508877575.78 
202 0.3423922187247501 3.7712367479530743e-06 2.8242115933101408e-05 0.6575757679225688 20110508877575.72 
203 0.34239310349103974 3.585355870047935e-06 2.6883121482497893e-05 0.6575764280316079 20110508877575.742 
204 0.34239400248208146 3.410665660898716e-06 2.5605447634956344e-05 0.6575769814046227 20110508877575.715 
205 0.34239491302732 3.246478335372253e-06 2.4404113319091282e-05 0.6575774363810255 20110508877575.668 
206 0.3423958326750166 3.092148919288534e-06 2.327444697374496e-05 0.6575778007290904 20110508877575.797 
207 0.34239675917670137 2.947072568571908e-06 2.2212067183022817e-05 0.6575780816835471 20110508877575.758 
208 0.3423976904726479 2.8106820568850734e-06 2.1212864528019475e-05 0.6575782859807671 20110508877575.723 
209 0.34239862467836246 2.6824454211282423e-06 2.0272984578547213e-05 0.6575784198916378 20110508877575.715 
210 0.34239956007196 2.5618637548557853e-06 1.9388811953022573e-05 0.6575784892523321 20110508877575.75 
211 0.34240049508243436 2.448469140292131e-06 1.8556955379205984e-05 0.6575784994930461 20110508877575.746 
212 0.34240142827869213 2.3418227102170075e-06 1.7774233692753306e-05 0.6575784556649048 20110508877575.695 
213 0.34240235835934985 2.241512831541689e-06 1.7037662714513386e-05 0.6575783624651041 20110508877575.75 
214 0.3424032841432376 2.147153402914748e-06 1.6344442951243587e-05 0.6575782242604081 20110508877575.715 
215 0.3424042045605357 2.058382259178123e-06 1.5691948067903405e-05 0.6575780451091372 20110508877575.73 
216 0.34240511864453016 1.974859675949346e-06 1.507771408296674e-05 0.6575778287817108 20110508877575.695 
217 0.34240602552393257 1.8962669680283762e-06 1.449942924125264e-05 0.6575775787798582 20110508877575.74 
218 0.34240692441572795 1.8223051757262426e-06 1.3954924521650353e-05 0.6575772983545746 20110508877575.67 
219 0.34240781461852493 1.7526938335839432e-06 1.3442164739800094e-05 0.6575769905229017 20110508877575.727 
220 0.3424086955063543 1.6871698162999548e-06 1.2959240208314674e-05 0.6575766580836212 20110508877575.742 
221 0.3424095665229133 1.6254862570106433e-06 1.2504358919483475e-05 0.6575763036319102 20110508877575.707 
222 0.34241042717618936 1.567411533374011e-06 1.2075839217611025e-05 0.6575759295730598 20110508877575.676 
223 0.34241127703348 1.5127283171944615e-06 1.1672102930216746e-05 0.6575755381352726 20110508877575.746 
224 0.3424121157167621 1.4612326835943458e-06 1.129166892925774e-05 0.6575751313816248 20110508877575.754 
225 0.34241294289836205 1.4127332759897139e-06 1.0933147095355461e-05 0.6575747112212667 20110508877575.74 
226 0.34241375829695825 1.3670505233639122e-06 1.0595232659710983e-05 0.6575742794198586 20110508877575.707 
227 0.34241456167384615 1.3240159065529304e-06 1.027670089998573e-05 0.6575738376093473 20110508877575.734 
228 0.3424153528294985 1.2834712704637457e-06 9.976402167919852e-06 0.657573387297063 20110508877575.73 
229 0.34241613160031437 1.245268179340635e-06 9.693257227861016e-06 0.6575729298742783 20110508877575.758 
230 0.34241689785567025 1.209267312375792e-06 9.426252886684986e-06 0.6575724666241308 20110508877575.746 
231 0.34241765149512293 1.1753378971313034e-06 9.174437896821372e-06 0.6575719987290829 20110508877575.73 
232 0.34241839244585215 1.143357178398515e-06 8.936919115245608e-06 0.6575715272778543 20110508877575.79 
233 0.34241912066027386 1.1132099202702172e-06 8.712857902379518e-06 0.6575710532719035 20110508877575.805 
234 0.34241983611381877 1.0847879393413487e-06 8.501466745850337e-06 0.6575705776314961 20110508877575.805 
235 0.34242053880288714 1.0579896670847348e-06 8.302006095007345e-06 0.6575701012013508 20110508877575.73 
236 0.3424212287429559 1.0327197395713517e-06 8.11378139298004e-06 0.6575696247559116 20110508877575.812 
237 0.3424219059667938 1.0088886128198017e-06 7.936140293894582e-06 0.6575691490042995 20110508877575.758 
238 0.34242257052286307 9.864122021674355e-07 7.76847005364166e-06 0.6575686745948812 20110508877575.74 
239 0.3424232224737864 9.652115441566706e-07 7.6101950833213605e-06 0.6575682021195861 20110508877575.734 
240 0.34242386189495844 9.452124795248028e-07 7.460774655171275e-06 0.6575677321179068 20110508877575.71 
241 0.3424244888732547 9.263453559742996e-07 7.319700751426603e-06 0.657567265080638 20110508877575.77 
242 0.3424251035058444 9.085447494836961e-07 7.186496047160294e-06 0.657566801453359 20110508877575.777 
243 0.3424257058990771 8.917492029971813e-07 7.0607120187138965e-06 0.6575663416397012 20110508877575.766 
244 0.3424262961674709 8.759009814039265e-07 6.941927169856133e-06 0.6575658860043778 20110508877575.727 
245 0.34242687443278064 8.609458417866655e-07 6.829745368301401e-06 0.6575654348760093 20110508877575.734 
246 0.34242744082311516 8.468328179830346e-07 6.723794285681358e-06 0.6575649885497812 20110508877575.73 
247 0.3424279954721572 8.335140185634442e-07 6.623723934497258e-06 0.6575645472898898 20110508877575.77 
248 0.34242853851842836 8.209444373853236e-07 6.529205295987201e-06 0.6575641113318381 20110508877575.758 
249 0.3424290701045948 8.090817759364164e-07 6.439929033222126e-06 0.657563680884596 20110508877575.82 
250 0.3424295903768711 7.978862767294161e-07 6.355604284102805e-06 0.6575632561325679 20110508877575.68 
251 0.3424300994844369 7.873205670560854e-07 6.275957529261349e-06 0.6575628372374669 20110508877575.805 
252 0.3424305975789151 7.773495124530557e-07 6.200731530189728e-06 0.6575624243400422 20110508877575.734 
253 0.3424310848138902 7.679400792714946e-07 6.129684333202788e-06 0.6575620175616975 20110508877575.723 
254 0.34243156134448277 7.590612057815065e-07 6.062588335127847e-06 0.6575616170059764 20110508877575.76 
255 0.34243202732693306 7.506836812775604e-07 5.999229406863798e-06 0.6575612227599789 20110508877575.723 
256 0.3424324829182406 7.427800326846616e-07 5.939406071196749e-06 0.6575608348956556 20110508877575.72 
257 0.34243292827583605 7.353244181967079e-07 5.88292873148663e-06 0.6575604534710142 20110508877575.76 
258 0.34243336355727294 7.282925275074177e-07 5.829618948050049e-06 0.6575600785312514 20110508877575.734 
259 0.3424337889199469 7.216614882220744e-07 5.779308759262933e-06 0.6575597101098056 20110508877575.742 
260 0.3424342045208496 7.15409778064073e-07 5.731840044595379e-06 0.6575593482293277 20110508877575.727 
261 0.342434610516355 7.095171425144159e-07 5.687063926963366e-06 0.6575589929025756 20110508877575.742 
262 0.3424350070619813 7.039645175449851e-07 5.644840211946358e-06 0.6575586441332891 20110508877575.79 
263 0.3424353943122511 6.987339571277799e-07 5.605036861574547e-06 0.6575583019169302 20110508877575.74 
264 0.3424357724204898 6.938085652220036e-07 5.5675295005308105e-06 0.6575579662414445 20110508877575.77 
265 0.34243614153869895 6.891724319598407e-07 5.53220095275014e-06 0.6575576370879165 20110508877575.72 
266 0.3424365018174135 6.848105737689613e-07 5.498940806522667e-06 0.6575573144312062 20110508877575.75 
267 0.34243685340558916 6.807088771864462e-07 5.467645006327476e-06 0.6575569982405273 20110508877575.74 
268 0.3424371964505065 6.76854046134033e-07 5.438215469733228e-06 0.6575566884799777 20110508877575.703 
269 0.3424375310976634 6.732335524389976e-07 5.410559727806871e-06 0.6575563851090565 20110508877575.656 
270 0.3424378574907084 6.698355893986046e-07 5.3845905875689935e-06 0.6575560880831146 20110508877575.68 
271 0.34243817577137675 6.666490281985424e-07 5.36022581512512e-06 0.6575557973537799 20110508877575.746 
272 0.34243848607942395 6.636633770077749e-07 5.33738783818872e-06 0.6575555128693609 20110508877575.76 
273 0.34243878855257265 6.608687425832092e-07 5.316003466791359e-06 0.657555234575218 20110508877575.727 
274 0.34243908332647965 6.582557942281424e-07 5.296003631050858e-06 0.6575549624140951 20110508877575.746 
275 0.3424393705347044 6.558157299581094e-07 5.277323134939465e-06 0.6575546963264306 20110508877575.7 
276 0.34243965030867596 6.535402447369172e-07 5.2599004250583305e-06 0.6575544362506541 20110508877575.76 
277 0.3424399227776762 6.514215006543312e-07 5.243677373489353e-06 0.6575541821234497 20110508877575.74 
278 0.34244018806882304 6.494520989247176e-07 5.2285990738503674e-06 0.6575539338800043 20110508877575.785 
279 0.34244044630707715 6.476250535937589e-07 5.21461364973717e-06 0.6575536914542195 20110508877575.812 
280 0.34244069761520785 6.459337668470898e-07 5.201672074784359e-06 0.6575534547789506 20110508877575.777 
281 0.34244094211381954 6.44372005821742e-07 5.189728003626492e-06 0.6575532237861711 20110508877575.727 
282 0.3424411799213526 6.429338808269796e-07 5.1787376130852e-06 0.6575529984071533 20110508877575.766 
283 0.34244141115408244 6.416138248874589e-07 5.168659452950112e-06 0.6575527785726398 20110508877575.75 
284 0.34244163592613885 6.404065745266717e-07 5.159454305760654e-06 0.6575525642129808 20110508877575.79 
285 0.3424418543495211 6.393071517140532e-07 5.151085055033446e-06 0.657552355258272 20110508877575.74 
286 0.3424420665341084 6.383108469036068e-07 5.143516561413237e-06 0.6575521516384832 20110508877575.746 
287 0.34244227258768933 6.374132030968604e-07 5.136715546260171e-06 0.6575519532835613 20110508877575.67 
288 0.34244247261597566 6.366100008665917e-07 5.13065048221327e-06 0.6575517601235413 20110508877575.758 
289 0.3424426667226331 6.358972442823023e-07 5.125291490302779e-06 0.6575515720886324 20110508877575.734 
290 0.3424428550093097 6.35271147681612e-07 5.120610243206054e-06 0.6575513891092993 20110508877575.74 
291 0.34244303757564765 6.34728123235613e-07 5.116579874271356e-06 0.657551211116355 20110508877575.76 
292 0.3424432145193299 6.342647692591637e-07 5.113174891954144e-06 0.6575510380410088 20110508877575.79 
293 0.342443385936107 6.338778592204985e-07 5.110371099333736e-06 0.6575508698149346 20110508877575.773 
294 0.3424435519198172 6.335643314069383e-07 5.108145518399576e-06 0.6575507063703329 20110508877575.742 
295 0.34244371256243156 6.333212792066265e-07 5.106476318814486e-06 0.6575505476399705 20110508877575.75 
296 0.3424438679540825 6.331459419684524e-07 5.105342750880892e-06 0.6575503935572247 20110508877575.785 
297 0.3424440181830917 6.330356964047148e-07 5.104725082453693e-06 0.6575502440561295 20110508877575.72 
298 0.34244416333601674 6.329880485034055e-07 5.104604539559082e-06 0.6575500990713952 20110508877575.74 
299 0.3424443034976734 6.33000625918943e-07 5.104963250492664e-06 0.6575499585384501 20110508877575.793 
300 0.34244443875117975 6.330711708121844e-07 5.1057841931863126e-06 0.6575498223934563 20110508877575.727 
301 0.3424445691779827 6.331975331123216e-07 5.107051145643875e-06 0.6575496905733385 20110508877575.76 
302 0.3424446948579002 6.333776641751465e-07 5.108748639261356e-06 0.6575495630157964 20110508877575.71 
303 0.34244481586916176 6.336096108134414e-07 5.1108619148552375e-06 0.6575494396593126 20110508877575.695 
304 0.3424449322884307 6.338915096771367e-07 5.113376881236585e-06 0.6575493204431783 20110508877575.74 
305 0.34244504419084776 6.342215819619607e-07 5.11628007617677e-06 0.6575492053074942 20110508877575.773 
306 0.3424451516500698 6.345981284268898e-07 5.119558629621423e-06 0.6575490941931722 20110508877575.777 
307 0.3424452547383051 6.350195247017037e-07 5.123200229017398e-06 0.6575489870419412 20110508877575.73 
308 0.3424453535263363 6.354842168673595e-07 5.12719308662632e-06 0.6575488837963603 20110508877575.746 
309 0.3424454480835708 6.359907172927693e-07 5.131525908706789e-06 0.6575487843998032 20110508877575.758 
310 0.34244553847807385 6.365376007127309e-07 5.136187866453104e-06 0.657548688796459 20110508877575.75 
311 0.3424456247765983 6.371235005326282e-07 5.141168568587198e-06 0.6575485969313326 20110508877575.74 
312 0.3424457070446147 6.377471053465432e-07 5.146458035505542e-06 0.6575485087502445 20110508877575.73 
313 0.3424457853463664 6.384071556560677e-07 5.152046674890062e-06 0.6575484241998031 20110508877575.773 
314 0.3424458597448778 6.391024407780908e-07 5.157925258696738e-06 0.6575483432274227 20110508877575.73 
315 0.34244593030200315 6.398317959304567e-07 5.1640849014416705e-06 0.6575482657812995 20110508877575.754 
316 0.3424459970784569 6.405940994851241e-07 5.17051703970949e-06 0.6575481918104039 20110508877575.72 
317 0.3424460601338542 6.413882703791039e-07 5.177213412813115e-06 0.6575481212644627 20110508877575.742 
318 0.342446119526722 6.422132656740878e-07 5.184166044538894e-06 0.6575480540939678 20110508877575.688 
319 0.34244617531455496 6.430680782561618e-07 5.19136722591533e-06 0.6575479902501408 20110508877575.688 
320 0.3424462275538381 6.439517346676551e-07 5.198809498946318e-06 0.6575479296849283 20110508877575.76 
321 0.3424462763000701 6.448632930636554e-07 5.206485641256232e-06 0.6575478723509955 20110508877575.773 
322 0.34244632160780913 6.458018412860455e-07 5.2143886515936354e-06 0.657547818201698 20110508877575.727 
323 0.34244636353069086 6.46766495048583e-07 5.222511736147646e-06 0.657547767191078 20110508877575.77 
324 0.34244640212146454 6.47756396226811e-07 5.230848295631587e-06 0.6575477192738435 20110508877575.777 
325 0.34244643743202396 6.487707112469794e-07 5.239391913091221e-06 0.6575476744053517 20110508877575.773 
326 0.3424464695134312 6.498086295686123e-07 5.248136342399781e-06 0.6575476325415969 20110508877575.688 
327 0.3424464984159409 6.508693622555642e-07 5.2570754974011755e-06 0.6575475936391995 20110508877575.723 
328 0.34244652418904514 6.519521406308836e-07 5.266203441668898e-06 0.6575475576553725 20110508877575.824 
329 0.34244654688148846 6.530562150109582e-07 5.275514378846632e-06 0.6575475245479178 20110508877575.76 
330 0.3424465665412949 6.541808535147227e-07 5.285002643540925e-06 0.657547494275208 20110508877575.734 
331 0.3424465832157919 6.553253409440665e-07 5.294662692737887e-06 0.6575474667961744 20110508877575.734 
332 0.34244659695165125 6.56488977731746e-07 5.304489097716865e-06 0.6575474420702733 20110508877575.746 
333 0.3424466077948873 6.576710789532659e-07 5.314476536436477e-06 0.6575474200574973 20110508877575.734 
334 0.34244661579092006 6.588709733995947e-07 5.324619786369526e-06 0.6575474007183202 20110508877575.67 
335 0.342446620984557 6.600880027075411e-07 5.334913717764681e-06 0.6575473840137226 20110508877575.688 
336 0.34244662342005305 6.613215205450789e-07 5.345353287315163e-06 0.6575473699051391 20110508877575.785 
337 0.34244662314111085 6.625708918487464e-07 5.355933532214485e-06 0.657547358354465 20110508877575.723 
338 0.34244662019090255 6.63835492110781e-07 5.366649564580926e-06 0.6575473493240406 20110508877575.81 
339 0.34244661461212017 6.651147067134485e-07 5.377496566235194e-06 0.657547342776607 20110508877575.777 
340 0.34244660644696334 6.664079303084208e-07 5.388469783813457e-06 0.6575473386753226 20110508877575.695 
341 0.3424465957371743 6.677145662390905e-07 5.399564524202154e-06 0.6575473369837352 20110508877575.734 
342 0.3424465825240614 6.690340260037593e-07 5.410776150280277e-06 0.6575473376657622 20110508877575.8 
343 0.3424465668485169 6.703657287579225e-07 5.422100076955273e-06 0.6575473406856773 20110508877575.723 
344 0.34244654875103536 6.717091008537844e-07 5.433531767480355e-06 0.6575473460080964 20110508877575.8 
345 0.34244652827172023 6.730635754153965e-07 5.445066730042047e-06 0.6575473535979744 20110508877575.77 
346 0.3424465054503333 6.744285919477987e-07 5.456700514605939e-06 0.6575473634205603 20110508877575.74 
347 0.3424464803262759 6.758035959786499e-07 5.468428710010554e-06 0.6575473754414182 20110508877575.77 
348 0.3424464529386374 6.771880387309527e-07 5.480246941299599e-06 0.6575473896263826 20110508877575.742 
349 0.3424464233261813 6.785813768254776e-07 5.492150867282528e-06 0.6575474059415746 20110508877575.766 
350 0.3424463915273883 6.799830720116278e-07 5.504136178315382e-06 0.6575474243533614 20110508877575.65 
351 0.3424463575804591 6.813925909254387e-07 5.51619859429186e-06 0.6575474448283558 20110508877575.734 
352 0.34244632152332977 6.828094048736872e-07 5.528333862838819e-06 0.6575474673334025 20110508877575.68 
353 0.3424462833936775 6.842329896427519e-07 5.540537757705696e-06 0.6575474918355751 20110508877575.72 
354 0.3424462432289553 6.856628253313827e-07 5.5528060773426125e-06 0.657547518302142 20110508877575.73 
355 0.34244620106639306 6.870983962061557e-07 5.565134643658907e-06 0.657547546700567 20110508877575.81 
356 0.3424461569429947 6.885391905786957e-07 5.577519300955563e-06 0.6575475769985137 20110508877575.746 
357 0.34244611089558263 6.89984700703692e-07 5.589955915024608e-06 0.6575476091638016 20110508877575.688 
358 0.3424460629607795 6.914344226967569e-07 5.602440372409696e-06 0.6575476431644255 20110508877575.71 
359 0.34244601317503864 6.928878564712462e-07 5.61496857982098e-06 0.657547678968525 20110508877575.71 
360 0.3424459615746395 6.943445056930863e-07 5.627536463698748e-06 0.6575477165443909 20110508877575.746 
361 0.34244590819570636 6.958038777528743e-07 5.640139969919545e-06 0.657547755860446 20110508877575.742 
362 0.3424458530742166 6.972654837543215e-07 5.65277506363953e-06 0.6575477968852359 20110508877575.707 
363 0.3424457962460034 6.987288385182239e-07 5.66543772926873e-06 0.6575478395874288 20110508877575.758 
364 0.3424457377467755 7.00193460601254e-07 5.678123970571813e-06 0.6575478839357933 20110508877575.73 
365 0.3424456776121046 7.016588723286925e-07 5.690829810888634e-06 0.6575479298992123 20110508877575.78 
366 0.3424456158774542 7.03124599840371e-07 5.703551293470176e-06 0.6575479774466526 20110508877575.734 
367 0.3424455525781688 7.045901731491018e-07 5.716284481924545e-06 0.657548026547176 20110508877575.695 
368 0.34244548774948574 7.060551262108038e-07 5.72902546076693e-06 0.6575480771699272 20110508877575.723 
369 0.3424454214265472 7.07518997005674e-07 5.741770336069902e-06 0.6575481292841198 20110508877575.703 
370 0.3424453536443881 7.089813276295513e-07 5.7545152362074506e-06 0.6575481828590481 20110508877575.746 
371 0.342445284437953 7.104416643949321e-07 5.767256312688724e-06 0.6575482378640699 20110508877575.734 
372 0.34244521384210375 7.118995579408215e-07 5.779989741075471e-06 0.6575482942685973 20110508877575.695 
373 0.3424451418916027 7.133545633507422e-07 5.792711721979436e-06 0.6575483520421119 20110508877575.785 
374 0.3424450686211353 7.148062402783206e-07 5.805418482133722e-06 0.6575484111541423 20110508877575.68 
375 0.342444994065299 7.162541530796021e-07 5.8181062755329254e-06 0.6575484715742725 20110508877575.793 
376 0.3424449182586073 7.176978709516228e-07 5.830771384638663e-06 0.6575485332721372 20110508877575.754 
377 0.3424448412354972 7.191369680764135e-07 5.8434101216434016e-06 0.657548596217413 20110508877575.742 
378 0.3424447630303204 7.205710237699489e-07 5.856018829789366e-06 0.657548660379826 20110508877575.727 
