0 0.9994470334490627 0.0005529665509373251 0.0 0.0 20106478754893.74 
1 0.9995600188407632 0.00018546171007149332 0.00021649312731593414 3.802632184919108e-05 20110508877575.75 
2 0.9995682509887702 0.0001032672503477499 0.00025022619599063343 7.825556489144387e-05 20110508877575.74 
3 0.9995387287241457 8.58010972375962e-05 0.0002576671189469998 0.00011780305966964852 20110508877575.633 
4 0.9994970078597291 8.252610487222064e-05 0.00026330713693038517 0.0001571588984681633 20110508877575.77 
5 0.9994498304461895 8.303063603212722e-05 0.00027043356430929216 0.00019670535346914998 20110508877575.758 
6 0.9993993080115703 8.4874708881532e-05 0.00027915605946509465 0.00023666122008316688 20110508877575.746 
7 0.9993460224475796 8.741823115993222e-05 0.00028931755235983017 0.0002772417689006685 20110508877575.7 
8 0.9992898940373911 9.049428871998712e-05 0.00030089027815814365 0.0003187213957307031 20110508877575.754 
9 0.9992305134075581 9.408093489476042e-05 0.00031396896591348583 0.0003614366916337631 20110508877575.77 
10 0.9991672991435973 9.820734492286641e-05 0.000328722464675783 0.00040577104680404857 20110508877575.695 
11 0.9990995785065723 0.00010292316613297483 0.0003453591979193846 0.0004521391293752191 20110508877575.754 
12 0.9990266273966825 0.0001082874769307035 0.00036410848183412515 0.0005009766445528438 20110508877575.67 
13 0.9989476871130427 0.00011436476380445105 0.000385212529854788 0.000552735593298125 20110508877575.695 
14 0.9988619677041409 0.00012122377698379298 0.0004089247674187007 0.0006078837514565071 20110508877575.742 
15 0.9987686436141955 0.00012893770683573914 0.00043551167167705986 0.0006669070072918152 20110508877575.727 
16 0.9986668449214828 0.0001375850177186709 0.0004652565358209474 0.0007303135249775103 20110508877575.723 
17 0.9985556459962126 0.00014725063322025008 0.0004984643037776879 0.0007986390667895398 20110508877575.797 
18 0.998434052509316 0.00015802732996530802 0.0005354670641063775 0.000872453096612211 20110508877575.754 
19 0.9983009871822979 0.00017001727956193405 0.0005766300481287057 0.0009523654900113268 20110508877575.8 
20 0.9981552743463827 0.00018333372177071084 0.0006223581227001719 0.0010390338091463844 20110508877575.707 
21 0.9979956231923091 0.00019810277436077794 0.000673102847933897 0.0011331711853963464 20110508877575.7 
22 0.997820609489979 0.00021446539445165707 0.0007293702099397223 0.001235554905629713 20110508877575.746 
23 0.9976286555127634 0.00023257950588438761 0.0007917291506332308 0.0013470358307190768 20110508877575.754 
24 0.9974180079042388 0.0002526222979943957 0.0008608210045141303 0.0014685487932526902 20110508877575.74 
25 0.9971867132781987 0.0002747926816912073 0.000937369912865802 0.0016011241272443388 20110508877575.75 
26 0.9969325914602486 0.00029931385581414785 0.0010221942098846918 0.0017459004740525642 20110508877575.65 
27 0.996653206486936 0.00032643588547579965 0.0011162186475045118 0.001904138980083578 20110508877575.703 
28 0.9963458358136942 0.00035643811821361147 0.0012204871244970044 0.0020772389435951143 20110508877575.78 
29 0.9960074386945604 0.000389631156150087 0.0013361752832216993 0.0022667548660678465 20110508877575.734 
30 0.9956346254407267 0.00042635795681958877 0.0014646019028954672 0.0024744146995582484 20110508877575.77 
31 0.9952236302945976 0.0004669934500739668 0.0016072374227438782 0.002702138832584535 20110508877575.82 
32 0.9947702919988668 0.0005119418426258478 0.0017657071590757223 0.0029520589994313892 20110508877575.75 
33 0.9942700477570237 0.0005616305658792088 0.0019417858649044663 0.003226535812192573 20110508877575.723 
34 0.9937179479994421 0.0006164996737939559 0.0021373793273034053 0.003528172999460455 20110508877575.72 
35 0.9931087007879874 0.0006769855361722646 0.0023544879498590726 0.003859825725981315 20110508877575.707 
36 0.9924367550882106 0.0007434980824002719 0.0025951471632463786 0.0042245996661427875 20110508877575.793 
37 0.9916964304269204 0.0008163918581715866 0.0028613407029315376 0.004625837011976556 20110508877575.78 
38 0.9908820953384938 0.0008959329499826644 0.003154886079983794 0.0050670856315396945 20110508877575.766 
39 0.9899883874881966 0.0009822663768495887 0.003477297572863244 0.005552048562090493 20110508877575.656 
40 0.9890104546987936 0.0010753913387493454 0.003829640662748527 0.006084513299708499 20110508877575.77 
41 0.9879441809336442 0.0011751535830562378 0.004212401433713788 0.006668264049585757 20110508877575.746 
42 0.9867863500798184 0.0012812634720492985 0.0046254016403538545 0.007306984807778383 20110508877575.79 
43 0.9855347000548705 0.0013933438206534035 0.00506779038623318 0.008004165738243014 20110508877575.754 
44 0.9841878351039679 0.0015110035143496498 0.005538133219316809 0.008763028162365767 20110508877575.71 
45 0.9827449936446911 0.0016339239140124606 0.006034599365825878 0.009586483075470578 20110508877575.766 
46 0.981205703545603 0.001761939205284807 0.0065552234002895565 0.010477133848822567 20110508877575.773 
47 0.979569383337454 0.0018950923970515773 0.007098197780479189 0.011437326485015144 20110508877575.72 
48 0.9778349568166239 0.0020336557030024476 0.007662145001995471 0.012469242478378184 20110508877575.676 
49 0.9760005386096654 0.0021781142260892407 0.008246324854586727 0.013575022309658543 20110508877575.76 
50 0.9740632263527387 0.0023291206862596533 0.008850749437643687 0.014756903523357878 20110508877575.754 
51 0.9720190106013076 0.0024874335440569287 0.009476199167870238 0.01601735668676519 20110508877575.805 
52 0.9698627931059728 0.002653851209938923 0.0101241508787119 0.017359204805376244 20110508877575.68 
53 0.967588490415513 0.002829152614111649 0.010796641031793414 0.0187857159385818 20110508877575.777 
54 0.9651891934741977 0.003014050685201099 0.011496092178839533 0.020300663661761514 20110508877575.758 
55 0.9626573546548294 0.00320916113717073 0.012225129611172019 0.021908354596827852 20110508877575.83 
56 0.9599849800422071 0.003414985175180227 0.012986409088786371 0.02361362569382639 20110508877575.76 
57 0.9571638139186726 0.0036319021485019583 0.013782468018156774 0.02542181591466877 20110508877575.754 
58 0.9541855110677727 0.0038601673144464427 0.014615604101533685 0.027338717516247252 20110508877575.777 
59 0.9510417984658875 0.004099910567052855 0.015487779317290461 0.02937051164976919 20110508877575.73 
60 0.9477246305837088 0.004351133533345484 0.016400543886285587 0.0315236919966602 20110508877575.746 
61 0.9442263425646126 0.004613704073582563 0.01735497427550317 0.033804979086301805 20110508877575.785 
62 0.9405398041587066 0.004887348442400469 0.01835162034045567 0.03622122705843711 20110508877575.73 
63 0.9366585754762455 0.005171642037176265 0.019390458437447678 0.038779324049130474 20110508877575.715 
64 0.9325770639673147 0.005465999883611429 0.020470849062699744 0.041486087086374156 20110508877575.688 
65 0.9282906807449418 0.005769667972542195 0.021591498963329823 0.044348152319186006 20110508877575.61 
66 0.923795993438742 0.0060817164231703694 0.022750428636869418 0.04737186150121831 20110508877575.652 
67 0.9190908721167124 0.006401035295607874 0.02394494674181771 0.05056314584586204 20110508877575.81 
68 0.9141746243747081 0.006726333740276591 0.025171633265848526 0.05392740861916664 20110508877575.746 
69 0.9090481154329301 0.007056143049881943 0.026426333410586998 0.057469408106601026 20110508877575.74 
70 0.9037138689940649 0.007388824056239421 0.02770416409553602 0.061193142854159645 20110508877575.74 
71 0.8981761447222992 0.007722579175410918 0.028999534780812006 0.06510174132147799 20110508877575.79 
72 0.8924409885121087 0.008055469243113105 0.030306183970583798 0.0691973582741944 20110508877575.652 
73 0.8865162522393821 0.008385435097871471 0.031617232297080466 0.07348108036566606 20110508877575.758 
74 0.8804115804212336 0.00871032366726756 0.032925252514165636 0.07795284339733324 20110508877575.75 
75 0.8741383621362976 0.009027918102253993 0.034222356072767385 0.08261136368868116 20110508877575.727 
76 0.8677096476401948 0.009335971297898527 0.03550029523918503 0.08745408582272172 20110508877575.734 
77 0.8611400303030402 0.009632241949375685 0.036750578989777245 0.0924771487578068 20110508877575.746 
78 0.8544454957371953 0.009914532132965528 0.03796460021510618 0.09767537191473288 20110508877575.77 
79 0.8476432412058064 0.010180725285519002 0.03913377113855254 0.10304226237012194 20110508877575.79 
80 0.8407514695352527 0.010428823392182091 0.04024966334215926 0.10857004373040602 20110508877575.67 
81 0.8337891627289896 0.010656982187631885 0.04130414843407962 0.11424970664929884 20110508877575.76 
82 0.8267758412369823 0.010863543232911858 0.04228953521631733 0.12007108031378866 20110508877575.715 
83 0.819731315327879 0.011047061845840717 0.04319869923526873 0.1260229235910116 20110508877575.74 
84 0.8126754352121757 0.011206330031122085 0.04402520082388788 0.13209303393281424 20110508877575.754 
85 0.8056278464658402 0.011340393765964135 0.044763388161525614 0.1382683716066701 20110508877575.78 
86 0.7986077569175724 0.011448564234603352 0.04540848246058744 0.14453519638723694 20110508877575.668 
87 0.7916337205205533 0.011530422855276723 0.0459566431016689 0.15087921352250105 20110508877575.78 
88 0.7847234428780558 0.011585820190309454 0.046405011336182134 0.15728572559545267 20110508877575.75 
89 0.7778936120900379 0.011614869059510407 0.0467517320089014 0.16373978684155002 20110508877575.758 
90 0.7711597574984103 0.01161793237668662 0.046995953573533436 0.17022635655136956 20110508877575.83 
91 0.7645361377967598 0.011595606389499531 0.04713780743728518 0.17673044837645555 20110508877575.74 
92 0.7580356588955302 0.011548700118380884 0.04717836833754979 0.18323727264853903 20110508877575.766 
93 0.7516698209475077 0.011478211858703192 0.04711959799668736 0.18973236919710185 20110508877575.688 
94 0.7454486930809266 0.011385303633133878 0.0469642747015162 0.1962017285844234 20110508877575.742 
95 0.7393809136858641 0.011271274462250137 0.046715911705555314 0.20263190014633045 20110508877575.723 
96 0.7334737135682384 0.011137533267309305 0.04637866745721488 0.2090100857072374 20110508877575.73 
97 0.727732958926751 0.010985572137192322 0.045957250627696775 0.2153242183083597 20110508877575.723 
98 0.7221632109136721 0.01081694059015624 0.04545682276640072 0.221563025729771 20110508877575.78 
99 0.7167677984942425 0.01063322134821213 0.04488290117165399 0.22771607898589136 20110508877575.727 
100 0.7115489014000695 0.010436008025074666 0.04424126425508418 0.23377382631977162 20110508877575.734 
101 0.7065076401543796 0.010226885014051742 0.043537861323669325 0.2397276135078994 20110508877575.76 
102 0.7016441704059551 0.010007409754951268 0.04277872832743168 0.24556969151166205 20110508877575.83 
103 0.6969577791187452 0.00977909746277237 0.041969910743348646 0.2512932126751336 20110508877575.77 
104 0.6924469805034935 0.009543408317917711 0.0411173944040711 0.2568922167745177 20110508877575.723 
105 0.6881096099262894 0.009301737049085494 0.04022704474647087 0.2623616082781542 20110508877575.746 
106 0.6839429143711878 0.009055404785995839 0.03930455465889157 0.2676971261839247 20110508877575.746 
107 0.6799436383576392 0.00880565301906669 0.03835540085270627 0.27289530777058785 20110508877575.74 
108 0.6761081045097354 0.008553639475877601 0.037384808475660086 0.2779534475387269 20110508877575.703 
109 0.672432288237803 0.008300435708203201 0.036397723521136655 0.2828695525328573 20110508877575.777 
110 0.6689118862209101 0.008047026176837075 0.03539879246662623 0.28764229513562645 20110508877575.723 
111 0.66554237857076 0.007794308622589004 0.034392348492453095 0.29227096431419786 20110508877575.703 
112 0.6623190847143089 0.007543095519026935 0.03338240358365193 0.2967554161830123 20110508877575.785 
113 0.6592372131568206 0.007294116414175482 0.0323726457985593 0.3010960246304446 20110508877575.723 
114 0.6562919053817395 0.007048020983105102 0.031366440992074154 0.305293632643081 20110508877575.72 
115 0.6534782742123382 0.006805382629963828 0.030366838304574005 0.309349504853124 20110508877575.676 
116 0.6507914370066075 0.00656670249555028 0.029376578764551964 0.3132652817332902 20110508877575.742 
117 0.6482265440842926 0.0063324137442392625 0.028398106400024856 0.31704293577144327 20110508877575.73 
118 0.6457788027974174 0.0061028860213488715 0.027433581307092912 0.32068472987414076 20110508877575.637 
119 0.6434434976557444 0.005878429988470588 0.02648489418075795 0.32419317817502713 20110508877575.758 
120 0.6412160069094787 0.0056593018595622775 0.02555368187078576 0.3275710093601732 20110508877575.77 
121 0.6390918159753491 0.0054457078745618 0.024641343582195774 0.33082113256789325 20110508877575.766 
122 0.6370665280711342 0.005237808659819711 0.0237490573944149 0.3339466058746312 20110508877575.81 
123 0.6351358723994128 0.005035723435751802 0.022877796824292442 0.336950607340543 20110508877575.77 
124 0.6332957101951923 0.004839534041809415 0.02202834720533705 0.33983640855766123 20110508877575.734 
125 0.6315420389251512 0.004649288757221508 0.021201321698342306 0.342607350619285 20110508877575.695 
126 0.6298709948993636 0.004465005903069218 0.02039717678687566 0.34526682241069173 20110508877575.664 
127 0.6282788545302476 0.004286677217218568 0.01961622714489719 0.3478182411076366 20110508877575.69 
128 0.6267620344484677 0.004114270998569626 0.018858659793228625 0.350265034759734 20110508877575.76 
129 0.6253170906619796 0.003947735021098335 0.018124547486928964 0.35261062682999306 20110508877575.727 
130 0.6239407169223965 0.0037869992213809805 0.017413861297146404 0.3548584225590762 20110508877575.746 
131 0.6226297424428239 0.003631978165804346 0.016726482369046395 0.3570117970223254 20110508877575.734 
132 0.6213811290927503 0.0034825733055813056 0.016062212852292937 0.3590740847493755 20110508877575.754 
133 0.6201919681789936 0.0033386750290956054 0.01542078601265842 0.3610485707792525 20110508877575.766 
134 0.6190594769067214 0.003200164522078031 0.014801875542957607 0.362938483028243 20110508877575.723 
135 0.6179809946011411 0.003066915446736559 0.014205104099002528 0.36474698585311977 20110508877575.773 
136 0.6169539787585964 0.002938795451294212 0.013630051091925938 0.36647717469818336 20110508877575.746 
137 0.6159760009853856 0.0028156675214793953 0.013076259772312273 0.3681320717208227 20110508877575.75 
138 0.6150447428732021 0.002697391185420033 0.012543243644343479 0.36971462229703433 20110508877575.727 
139 0.6141579918523313 0.002583823583148348 0.012030492249847327 0.37122769231467306 20110508877575.723 
140 0.6133136370563608 0.0024748204115677287 0.011537476362899222 0.37267406616917226 20110508877575.75 
141 0.6125096652263983 0.00237023675529414 0.01106365263567845 0.3740564453826291 20110508877575.75 
142 0.6117441566772966 0.0022699278132848467 0.010608467735728348 0.37537744777369025 20110508877575.74 
143 0.6110152813440195 0.002173749530630091 0.010171362013779 0.3766396071115714 20110508877575.76 
144 0.6103212949222985 0.00208155914432266 0.009751772739936503 0.37784537319344247 20110508877575.758 
145 0.6096605351145558 0.001993215651249376 0.009349136944447077 0.37899711228974786 20110508877575.703 
146 0.609031417989176 0.0019085802060797399 0.00896289389745241 0.38009710790729195 20110508877575.785 
147 0.6084324344589013 0.0018275164561665062 0.0085924872602599 0.38114756182467224 20110508877575.73 
148 0.6078621468821791 0.0017498908200279766 0.00823736693867877 0.3821505953591141 20110508877575.73 
149 0.607319185789567 0.0016755727154574766 0.007896990666990948 0.38310825082798455 20110508877575.742 
150 0.6068022467360272 0.001604434742804079 0.007570825349139241 0.3840224931720294 20110508877575.773 
151 0.606310087278767 0.001536352828493209 0.007258348181781063 0.3848952117109586 20110508877575.746 
152 0.6058415240793954 0.0014712063334080072 0.006959047581964073 0.38572822200523266 20110508877575.71 
153 0.6053954301284349 0.001408878130331484 0.006672423940370166 0.38652326780086355 20110508877575.773 
154 0.6049707320896798 0.0013492546542578313 0.006397990219341623 0.3872820230367208 20110508877575.777 
155 0.6045664077613389 0.0012922259290162948 0.006135272413260442 0.3880060938963844 20110508877575.74 
156 0.6041814836507621 0.001237685573313568 0.005883809887306577 0.3886970208886179 20110508877575.812 
157 0.6038150326590422 0.001185530788989405 0.005643155609167726 0.3893562809428006 20110508877575.742 
158 0.6034661718718386 0.0011356623339934834 0.005412876286918129 0.3899852895072496 20110508877575.74 
159 0.6031340604525588 0.0010879844823292108 0.005192552425026356 0.39058540264008573 20110508877575.65 
160 0.6028178976339362 0.0010424049729696662 0.004981778309282487 0.3911579190838116 20110508877575.73 
161 0.6025169208041313 0.0009988349495322832 0.004780161930360149 0.39170408231597625 20110508877575.742 
162 0.6022304036834129 0.0009571888922989551 0.004587324854736914 0.3922250825695513 20110508877575.7 
163 0.601957654587624 0.0009173845439880907 0.004402902050786953 0.39272205881760086 20110508877575.742 
164 0.6016980147745465 0.0008793428305206802 0.004226541677029199 0.3931961007179036 20110508877575.69 
165 0.6014508568695829 0.000842987777874654 0.004057904838752836 0.3936482505137895 20110508877575.75 
166 0.6012155833670497 0.0008082464259883399 0.00389666531855294 0.394079504888409 20110508877575.76 
167 0.6009916252036933 0.0007750487405535001 0.003742509285678232 0.39449081677007486 20110508877575.727 
168 0.6007784404009742 0.0007433275234304008 0.0035951349885273124 0.3948830970870682 20110508877575.797 
169 0.6005755127729392 0.0007130183223210713 0.0034542524341110363 0.3952572164706287 20110508877575.734 
170 0.6003823506965286 0.0006840593402497178 0.003319583057836947 0.39561400690538473 20110508877575.77 
171 0.6001984859413118 0.0006563913453225654 0.0031908593865521448 0.39595426332681355 20110508877575.754 
172 0.6000234725558192 0.0006299575811702267 0.0030678246974044283 0.3962787451656061 20110508877575.742 
173 0.5998568858076818 0.0006047036784146077 0.0029502326747448838 0.3965881778391588 20110508877575.688 
174 0.5996983211749739 0.0005805775674481293 0.002837847066992259 0.39688325419058573 20110508877575.68 
175 0.5995473933862575 0.0005575293927649165 0.0027304413451097772 0.3971646358758678 20110508877575.75 
176 0.5994037355069325 0.0005355114290411881 0.0026277983641042123 0.3974329546999221 20110508877575.76 
177 0.5992669980696164 0.000514477999124822 0.0025297100287430875 0.3976888139025158 20110508877575.73 
178 0.5991368482463487 0.0004943853940611059 0.0024359769644950553 0.39793278939509524 20110508877575.734 
179 0.5990129690606637 0.0004751917952530248 0.0023464081945305105 0.3981654309495527 20110508877575.727 
180 0.5988950586374038 0.00045685719882937914 0.002260820823470333 0.39838726334029645 20110508877575.766 
181 0.5987828294885753 0.00043934334227198134 0.0021790397284389973 0.3985987874407136 20110508877575.766 
182 0.5986760078333365 0.00042261363333452254 0.002100897257863422 0.3988004812754656 20110508877575.746 
183 0.598574332950505 0.00040663308126909654 0.0020262329383568655 0.39899280102986917 20110508877575.63 
184 0.5984775565619779 0.0003913682303624984 0.001954893189939191 0.39917618201772037 20110508877575.742 
185 0.5983854422454925 0.0003767870957723098 0.0018867310497673439 0.39935103960896773 20110508877575.754 
186 0.5982977648753441 0.0003628591016425757 0.0018216059044827324 0.39951777011853057 20110508877575.75 
187 0.5982143100896483 0.00034955502147035087 0.0017593832312247342 0.3996767516576565 20110508877575.773 
188 0.5981348737828338 0.0003368469206871664 0.0016999343473091237 0.39982834494916997 20110508877575.723 
189 0.5980592616221915 0.00032470810141344887 0.001643136168527992 0.3999728941078669 20110508877575.723 
190 0.5979872885872093 0.00031311304933923757 0.0015888709759909006 0.4001107273874605 20110508877575.83 
191 0.5979187785306568 0.0003020373826804108 0.0015370261913968033 0.400242157895266 20110508877575.75 
192 0.5978535637603398 0.00029145780315683597 0.0014874941606001404 0.4003674842759032 20110508877575.727 
193 0.5977914846404744 0.00028135204893626846 0.0014401719453133793 0.4004869913652759 20110508877575.688 
194 0.5977323892117917 0.0002716988494863274 0.0013949611227708485 0.40060095081595115 20110508877575.723 
195 0.597676132829425 0.00026247788227560804 0.0013517675931644063 0.40070962169513497 20110508877575.7 
196 0.5976225778177441 0.00025366973126435483 0.0013105013946506814 0.4008132510563409 20110508877575.766 
197 0.5975715931412858 0.00024525584712487155 0.0012710765257208565 0.4009120744858684 20110508877575.74 
198 0.5975230540910442 0.0002372185091318618 0.0012334107747179145 0.401006316625106 20110508877575.746 
199 0.5974768419853681 0.00022954078866339075 0.001197425556282182 0.4010961916696865 20110508877575.742 
200 0.5974328438847619 0.00022220651425363798 0.0011630457545028729 0.40118190384648156 20110508877575.74 
