0 0.9999873705091066 1.2629490893285408e-05 0.0 0.0 20110470029379.74 
1 0.9999924802760333 3.007889586620733e-06 3.895108817206705e-06 6.16725562724395e-07 20110508877575.742 
2 0.9999944770331588 1.1605274814060083e-06 3.4567636648845815e-06 9.056756950339219e-07 20110508877575.734 
3 0.9999954270637604 7.520612590645425e-07 2.8164529025826486e-06 1.0044220778187503e-06 20110508877575.74 
4 0.9999960494864746 6.00732643676103e-07 2.3369917203300865e-06 1.0127891613665834e-06 20110508877575.684 
5 0.9999965300491039 5.100786161182689e-07 1.98311897091978e-06 9.767533091306917e-07 20110508877575.68 
6 0.9999969288346607 4.421341040509717e-07 1.710002260825866e-06 9.190289743400509e-07 20110508877575.727 
7 0.9999972686599826 3.873591887580823e-07 1.4915707170884997e-06 8.524101115403127e-07 20110508877575.746 
8 0.9999975596266746 3.4224635093525554e-07 1.3134768916943937e-06 7.846500827001272e-07 20110508877575.777 
9 0.9999978072515001 3.0495595566067595e-07 1.1673029338580676e-06 7.204896103679779e-07 20110508877575.74 
10 0.999998015328069 2.7429234027506905e-07 1.047642938503641e-06 6.627366520954712e-07 20110508877575.74 
11 0.9999981868960202 2.493963332062757e-07 9.507506835074155e-07 6.129569632008229e-07 20110508877575.73 
12 0.9999983245206512 2.2962607410301172e-07 8.739068380019075e-07 5.719464368117391e-07 20110508877575.777 
13 0.9999984303364124 2.1450032208786966e-07 8.151073382707642e-07 5.400559270616099e-07 20110508877575.797 
14 0.9999985060217642 2.036675064175446e-07 7.728989053367332e-07 5.174118242092562e-07 20110508877575.816 
15 0.9999985527618175 1.9688750621590464e-07 7.462865355256529e-07 5.040641407667148e-07 20110508877575.703 
16 0.9999985712134378 1.9402080617658768e-07 7.346799298385698e-07 5.000858260789876e-07 20110508877575.695 
17 0.9999985614730428 1.950225780925018e-07 7.378638400250035e-07 5.05640539167821e-07 20110508877575.71 
18 0.9999985230432316 1.9994048717192558e-07 7.559852230946464e-07 5.210310580795528e-07 20110508877575.77 
19 0.9999984547938179 2.0891562483901475e-07 7.895537616872908e-07 5.467367955114255e-07 20110508877575.82 
20 0.9999983549132474 2.2218629784204966e-07 8.394541536671024e-07 5.83446301238054e-07 20110508877575.63 
21 0.9999982208468746 2.400946072280499e-07 9.069696190855118e-07 6.320888991546569e-07 20110508877575.676 
22 0.9999980492188539 2.630958955034831e-07 9.938167541275737e-07 6.938684964031966e-07 20110508877575.746 
23 0.9999978357344355 2.917712568539528e-07 1.1021923761651669e-06 7.703019315031993e-07 20110508877575.63 
24 0.9999975750592791 3.2684340942950766e-07 1.2348334455152452e-06 8.632638658697405e-07 20110508877575.67 
25 0.9999972606720257 3.691963293041716e-07 1.3950915670430814e-06 9.750400779854006e-07 20110508877575.723 
26 0.9999968846858229 4.1989914821591714e-07 1.5870239968587553e-06 1.1083910318255524e-06 20110508877575.71 
27 0.9999964376338282 4.802349250432349e-07 1.8155035242876084e-06 1.2666277225652927e-06 20110508877575.742 
28 0.9999959082128748 5.517350162717495e-07 2.0863500794778044e-06 1.4537020295560555e-06 20110508877575.758 
29 0.9999952829785496 6.362198943364488e-07 2.406487440714324e-06 1.6743141153031646e-06 20110508877575.754 
30 0.9999945459838265 7.358473942269969e-07 2.7841289870706798e-06 1.934039792148907e-06 20110508877575.727 
31 0.9999936783522017 8.531695058991704e-07 3.228997061038972e-06 2.2394812314676737e-06 20110508877575.74 
32 0.9999926577749559 9.911989682049724e-07 3.75258116537071e-06 2.5984449104632136e-06 20110508877575.76 
33 0.9999914579207713 1.15348705117009e-06 4.36844090243667e-06 3.0201512751454426e-06 20110508877575.797 
34 0.9999900477444944 1.3442140245996257e-06 5.092560243575147e-06 3.5154812373269285e-06 20110508877575.754 
35 0.9999883906804712 1.5682938824800715e-06 5.94376034171026e-06 4.097265304701153e-06 20110508877575.79 
36 0.9999864437046648 1.8314948953821541e-06 6.944178597642953e-06 4.7806218422120105e-06 20110508877575.777 
37 0.9999841562489582 2.1405774551935334e-06 8.11982194604534e-06 5.583351640673625e-06 20110508877575.77 
38 0.9999814689508598 2.5034503991207945e-06 9.501202177287904e-06 6.526396563605445e-06 20110508877575.766 
39 0.9999783122227419 2.92934647187078e-06 1.1124060322993878e-05 7.6343704632543e-06 20110508877575.73 
40 0.9999746046272521 3.429016697008414e-06 1.3030185383750586e-05 8.936170667208051e-06 20110508877575.73 
41 0.9999702510504871 4.014942037284445e-06 1.526832952903018e-05 1.0465677946679219e-05 20110508877575.71 
42 0.9999651406728581 4.7015586466500945e-06 1.789521677379694e-05 1.2262551721545463e-05 20110508877575.746 
43 0.9999591447507001 5.5054900303736556e-06 2.0976634291848e-05 1.4373124977757277e-05 20110508877575.68 
44 0.9999521142411776 6.445775275764323e-06 2.4588584046999185e-05 1.685139949974583e-05 20110508877575.727 
45 0.9999438773308869 7.544076920660195e-06 2.881845623609046e-05 1.9760135956590702e-05 20110508877575.73 
46 0.9999342369668807 8.824844743814101e-06 3.376616397796421e-05 2.3172024397643652e-05 20110508877575.8 
47 0.9999229685397268 1.0315402651824748e-05 3.954514964873403e-05 2.717090797253443e-05 20110508877575.645 
48 0.9999098179331813 1.2045915003117066e-05 4.6283136508403604e-05 3.185301530733791e-05 20110508877575.656 
49 0.999894500234276 1.4049176696164138e-05 5.412245488105995e-05 3.732813414689155e-05 20110508877575.69 
50 0.9998766994886075 1.6360159428213513e-05 6.32197218201548e-05 4.37206301440756e-05 20110508877575.785 
51 0.9998560699814606 1.901523704905616e-05 7.374460121083158e-05 5.117018027948446e-05 20110508877575.688 
52 0.9998322396126788 2.205100967110758e-05 8.587732582575371e-05 5.9832051824298995e-05 20110508877575.79 
53 0.9998048159895864 2.5502654591049074e-05 9.980463734951371e-05 6.987671847303539e-05 20110508877575.63 
54 0.999773395855197 2.9401759073899838e-05 0.00011571381425388839 8.148857147524683e-05 20110508877575.69 
55 0.9997375783562608 3.3773643191582273e-05 0.00013378453565875327 9.486346488887618e-05 20110508877575.824 
56 0.9996969823905903 3.863426625049936e-05 0.0001541784995554623 0.00011020484360367652 20110508877575.727 
57 0.9996512678154834 4.3986928897776266e-05 0.0001770269993302122 0.00012771825628865344 20110508877575.79 
58 0.9996001596345014 4.98191259379867e-05 0.00020241707094575368 0.00014760416861490076 20110508877575.77 
59 0.9995434734443733 5.6100048785058995e-05 0.00023037733096937737 0.00017004917587207046 20110508877575.727 
60 0.9994811395275126 6.27793411546986e-05 0.00026086516359931757 0.0001952159677334177 20110508877575.73 
61 0.9994132222123883 6.978772442608799e-05 0.0002937573613033024 0.00022323270188231772 20110508877575.72 
62 0.999339930750374 7.703997872127321e-05 0.0003288465166992967 0.00025418275420537804 20110508877575.723 
63 0.9992616182300337 8.444046512474971e-05 0.0003658452391695655 0.00028809606567196553 20110508877575.773 
64 0.9991787661250372 9.189092628474887e-05 0.00040439952571689987 0.0003249434229611402 20110508877575.75 
65 0.9990919539039143 9.929979364857827e-05 0.0004441113783815525 0.0003646349240554402 20110508877575.777 
66 0.9990018154152737 0.00010659179901169781 0.0004845692263302216 0.0004070235593843099 20110508877575.73 
67 0.9989089859842333 0.00011371648460880945 0.0005253832235670447 0.0004519143075908687 20110508877575.695 
68 0.9988140457359054 0.00012065432641835547 0.0005662214506059053 0.0004990784870703731 20110508877575.664 
69 0.998717465164557 0.0001274196246275216 0.0006068427629931226 0.0005482724478224344 20110508877575.79 
70 0.9986195582643611 0.00013405995855473248 0.0006471226082155871 0.0005992591688685906 20110508877575.766 
71 0.9985204468469948 0.00014065266960629658 0.0006870694340798387 0.0006518310493190344 20110508877575.78 
72 0.9984200374557951 0.0001472993494868478 0.0007268310031110456 0.0007058321916070905 20110508877575.746 
73 0.9983180100845903 0.0001541195606808257 0.0007666916028225045 0.0007611787519062386 20110508877575.812 
74 0.9982138162039155 0.0001612449677435487 0.0008070624315083984 0.0008178763968327977 20110508877575.656 
75 0.9981066827880192 0.0001688147196120565 0.0008484680543778297 0.0008760344379908026 20110508877575.797 
76 0.997995619491817 0.00017697230397982928 0.000891531535986689 0.0009358766682164704 20110508877575.83 
77 0.9978794281845107 0.0001858632084376554 0.0009369594811206662 0.0009977491259310133 20110508877575.754 
78 0.9977567178159861 0.00019563166588924285 0.0009855257198080568 0.0010621247983166658 20110508877575.742 
79 0.9976259325663263 0.00020641382094846856 0.0010380490829969963 0.0011296045297282153 20110508877575.75 
80 0.9974854059333575 0.00021832433604889365 0.00109535756142099 0.0012009121691725715 20110508877575.72 
81 0.9973334554425618 0.00023143434493114114 0.0011582296589252427 0.0012768805535818468 20110508877575.72 
82 0.9971685292838572 0.0002457411384629087 0.0012273057346386302 0.001358423843041279 20110508877575.69 
83 0.9969894053834981 0.0002611339185300117 0.0013029689359906845 0.0014464917619810115 20110508877575.76 
84 0.9967954252487276 0.00027736453859411223 0.0013852070078021654 0.0015420032048762118 20110508877575.77 
85 0.9965867228975314 0.0002940356486961377 0.0014734806378039337 0.001645760815968621 20110508877575.688 
86 0.9963643911822263 0.0003106186328149481 0.0015666360609185373 0.0017583541240403333 20110508877575.785 
87 0.9961305247123857 0.00032650793462379965 0.0016629022901788085 0.0018800650628116977 20110508877575.793 
88 0.9958880990500547 0.00034110672306231834 0.0017600004658783652 0.002010793761004626 20110508877575.754 
89 0.9956406887167956 0.00035392517898184643 0.0018553642117720298 0.0021500218924507706 20110508877575.75 
90 0.9953920767976026 0.0003646640408604612 0.001946434505527613 0.0022968246560093482 20110508877575.68 
91 0.9951458435851271 0.00037325849510910623 0.0020309658253003346 0.0024499320944633535 20110508877575.676 
92 0.9949050240215329 0.00037987110181900494 0.002107275367522637 0.0026078295091253377 20110508877575.664 
93 0.9946718944370858 0.0003848403439438996 0.0021743861913220497 0.0027688790276482727 20110508877575.727 
94 0.9944479050179225 0.0003886044840614022 0.0022320483521390483 0.002931442145877093 20110508877575.78 
95 0.9942337359263594 0.00039162359595469625 0.002280654410505489 0.0030939860671803667 20110508877575.746 
96 0.9940294340923951 0.00039431710791284363 0.002321085914158494 0.0032551628855335126 20110508877575.77 
97 0.9938345849490646 0.0003970249442816525 0.0023545324939669827 0.0034138576126867986 20110508877575.723 
98 0.9936484823144838 0.0003999921399904452 0.0023823186950218517 0.0035692068505038628 20110508877575.664 
99 0.9934702727413657 0.0004033719170710317 0.0024057616686087194 0.003720593672954622 20110508877575.707 
100 0.9932990628957593 0.00040724060678169527 0.002426070527438889 0.003867625970020193 20110508877575.793 
101 0.9931339877345412 0.00041161831778941077 0.0024442883932142335 0.004010105554455124 20110508877575.844 
102 0.992974243222005 0.0004164906729097089 0.002461271785520434 0.004147994319564735 20110508877575.77 
103 0.9928190906983394 0.0004218284624999422 0.002477698657544155 0.004281382181616507 20110508877575.75 
104 0.9926678415192297 0.00042760334703490264 0.0024940952999025446 0.004410459833832942 20110508877575.816 
105 0.9925198307240795 0.00043379874718790855 0.0025108727838304757 0.004535497744902318 20110508877575.8 
106 0.9923743875255369 0.00044041586843709485 0.00252836508107628 0.004656831524949718 20110508877575.758 
107 0.9922308085597071 0.00044747547394082053 0.0025468631092872315 0.004774852857064774 20110508877575.746 
108 0.9920883374370858 0.00045501651510285656 0.002566641359077208 0.004890004688734145 20110508877575.734 
109 0.9919461516908697 0.00046309297405752785 0.0025879760722109313 0.005002779262861818 20110508877575.81 
110 0.9918033562572137 0.00047177021584440473 0.0026111557780176538 0.005113717748924249 20110508877575.703 
111 0.9916589814900033 0.0004811218294525507 0.0026364860999069945 0.005223410580637072 20110508877575.79 
112 0.9915119834604571 0.0004912274821221291 0.002664291070930205 0.005332497986490534 20110508877575.777 
113 0.9913612446969282 0.0005021718753538596 0.002694912911570348 0.005441670516147423 20110508877575.73 
114 0.9912055742297523 0.0005140445899509228 0.0027287116085138387 0.005551669571782792 20110508877575.773 
115 0.9910437064973564 0.0005269404810961615 0.0027660649728600017 0.0056632880486873404 20110508877575.676 
116 0.9908742991504095 0.0005409603036993864 0.0028073693425559126 0.00577737120333535 20110508877575.746 
117 0.9906959300122908 0.0005562113485261167 0.002853040800790286 0.00589481783839268 20110508877575.69 
118 0.9905070934686108 0.0005728079871560709 0.002903516688714677 0.0060165818555184365 20110508877575.742 
119 0.9903061964573097 0.0005908721169062559 0.002959257227824797 0.006143674197959286 20110508877575.7 
120 0.9900915540982355 0.0006105335498020537 0.003020747159358014 0.006277165192604417 20110508877575.8 
121 0.9898613848919796 0.000631930405732592 0.003088497399052483 0.006418187303235102 20110508877575.793 
122 0.9896138053560204 0.0006552095611650887 0.0031630467659075324 0.006567938316907065 20110508877575.805 
123 0.9893468239528029 0.000680527184284489 0.003244963865785818 0.006727684997126669 20110508877575.758 
124 0.989058334187881 0.0007080493651372755 0.0033348492011899956 0.006898767245791726 20110508877575.77 
125 0.9887461068011909 0.0007379528311209768 0.0034333375494503405 0.007082602818237804 20110508877575.73 
126 0.988407781026845 0.000770425726266544 0.0035411006151315847 0.007280692631756947 20110508877575.75 
127 0.9880408549460745 0.0008056684271153026 0.0036588499280994363 0.007494626698710651 20110508877575.76 
128 0.9876426749982278 0.0008438943672095255 0.003787339931943333 0.007726090702619405 20110508877575.758 
129 0.9872104247440072 0.000885330844435131 0.003927371190318522 0.007976873221239205 20110508877575.688 
130 0.9867411129944734 0.0009302197888649453 0.004079793630526527 0.00824887358613498 20110508877575.71 
131 0.9862315614316942 0.0009788184718577475 0.004245509741886431 0.008544110354561485 20110508877575.75 
132 0.985678391856275 0.0010314001388979878 0.004425477647967395 0.008864730356859581 20110508877575.82 
133 0.9850780132075821 0.0010882545483421875 0.004620713973291638 0.009213018270784046 20110508877575.723 
134 0.9844266085181874 0.0011496883955552744 0.004832296423790491 0.009591406662466995 20110508877575.734 
135 0.9837201219882091 0.0012160255968411363 0.005061365993882514 0.010002486421067262 20110508877575.676 
136 0.9829542464001757 0.0012876074003051502 0.005309128700123876 0.010449017499395363 20110508877575.703 
137 0.9821244111420195 0.0013647922817498323 0.005576856721420732 0.010933939854809756 20110508877575.758 
138 0.981225771164869 0.0014479555735075365 0.005865888799140869 0.011460384462482555 20110508877575.766 
139 0.9802531972720429 0.0015374887635352693 0.00617762971837899 0.012031684246042949 20110508877575.74 
140 0.9792012682134454 0.0016337983920447397 0.006513548656174914 0.01265138473833494 20110508877575.703 
141 0.9780642651414899 0.0017373044643791045 0.006875176146416376 0.01332325424771482 20110508877575.785 
142 0.9768361690660373 0.00184843829270062 0.00726409937766555 0.014051293263596514 20110508877575.79 
143 0.975510662021477 0.001967639676091433 0.00768195551254975 0.014839742789881932 20110508877575.68 
144 0.9740811327238666 0.002095353329432443 0.008130422698754696 0.01569309124794626 20110508877575.707 
145 0.9725406875455395 0.002232024476177704 0.008611208434612216 0.016616079543670656 20110508877575.785 
146 0.9708821676649417 0.0023780935289214036 0.009126034958656309 0.017613703847480667 20110508877575.754 
147 0.9690981732577827 0.0025339897943727615 0.009676621353468941 0.018691215594375688 20110508877575.633 
148 0.9671810955793417 0.002700124155945749 0.010264662090286213 0.01985411817442642 20110508877575.73 
149 0.9651231577445478 0.0028768807077284315 0.010891801792597113 0.021108159755126654 20110508877575.734 
150 0.9629164649392933 0.0030646073384546705 0.01155960606489351 0.022459321657358568 20110508877575.73 
151 0.9605530646895559 0.0032636052938245555 0.012269528317767177 0.02391380169885232 20110508877575.656 
152 0.9580250176696853 0.003474117780782102 0.013022872624072269 0.02547799192546038 20110508877575.77 
153 0.9553244793423694 0.0036963177187754755 0.013820752764530738 0.02715845017432441 20110508877575.633 
154 0.9524437924852582 0.003930294790885096 0.01466404776644576 0.028961864957410974 20110508877575.75 
155 0.9493755903688248 0.004176042001775429 0.015553354406850598 0.030895013222548964 20110508877575.73 
156 0.9461129100049479 0.004433442008703077 0.016488937340788712 0.03296471064556018 20110508877575.723 
157 0.9426493144872041 0.0047022535544342 0.017470677723757284 0.03517775423460451 20110508877575.69 
158 0.9389790229977688 0.004982098394041663 0.018498021419278123 0.03754085718891143 20110508877575.773 
159 0.9350970465730184 0.005272449167416275 0.01956992810972793 0.0400605761498375 20110508877575.69 
160 0.930999327217066 0.005572618721329131 0.020684822849500278 0.04274323121210454 20110508877575.79 
161 0.9266828774519466 0.005881751423835534 0.021840551799871495 0.04559481932434656 20110508877575.71 
162 0.922145916922791 0.006198817034175733 0.023034344047786006 0.04862092199524735 20110508877575.836 
163 0.9173880022681243 0.006522607687726397 0.024262781517814695 0.051826608526334465 20110508877575.812 
164 0.9124101461542136 0.006851738523156454 0.025521779019117483 0.055216336303512345 20110508877575.74 
165 0.9072149211931354 0.00718465241414131 0.026806576409990877 0.05879384998273256 20110508877575.77 
166 0.9018065444496073 0.007519629168893436 0.028111744697207147 0.06256208168429209 20110508877575.703 
167 0.896190938418418 0.007854799427787823 0.02943120760658435 0.06652305454720975 20110508877575.754 
168 0.8903757647403592 0.008188163325593302 0.03075827976257259 0.07067779217147481 20110508877575.684 
169 0.8843704275257924 0.008517613796254831 0.032085722104026576 0.0750262365739261 20110508877575.742 
170 0.8781860439627395 0.008840964193638822 0.03340581455587802 0.07956717728774375 20110508877575.746 
171 0.8718353808765652 0.009155979692422123 0.03471044529678541 0.08429819413422733 20110508877575.75 
172 0.8653327570409138 0.009460411732414846 0.03599121524431546 0.08921561598235563 20110508877575.74 
173 0.8586939122609262 0.009752034590827022 0.037239555661981345 0.09431449748626555 20110508877575.69 
174 0.8519358454951954 0.010028683023668534 0.03844685612088003 0.09958861536025594 20110508877575.727 
175 0.8450766254817419 0.010288289821260727 0.0396045994677336 0.10503048522926377 20110508877575.734 
176 0.8381351784141425 0.01052892208244776 0.04070450000261999 0.11063139950078969 20110508877575.73 
177 0.8311310581107693 0.010748815032413362 0.041738640788272774 0.11638148606854473 20110508877575.746 
178 0.8240842047780381 0.010946402290389413 0.04269960592264136 0.12226978700893106 20110508877575.742 
179 0.8170146988484844 0.01112034163174151 0.04358060371853904 0.12828435580123507 20110508877575.77 
180 0.8099425164563782 0.011269535475351285 0.044375577045367744 0.13441237102290274 20110508877575.72 
181 0.8028872928984643 0.011393145549763778 0.04507929758052036 0.14064026397125157 20110508877575.76 
182 0.7958680999357175 0.011490601435711116 0.0456874413618245 0.14695385726674687 20110508877575.766 
183 0.7889032420627996 0.011561602932732841 0.04619664378681826 0.15333851121764938 20110508877575.785 
184 0.7820100759572668 0.011606116438405721 0.046604533022990155 0.1597792745813374 20110508877575.77 
185 0.7752048562818775 0.011624365746445483 0.046909741626028734 0.16626103634564837 20110508877575.723 
186 0.7685026099152733 0.011616817853566138 0.04711189696314322 0.1727686752680174 20110508877575.742 
187 0.7619170395916611 0.011584164506686426 0.04721159176341271 0.17928720413823954 20110508877575.742 
188 0.7554604568953645 0.011527300317691246 0.04721033673286186 0.18580190605408245 20110508877575.73 
189 0.7491437436279295 0.011447298321868981 0.04711049765465602 0.19229846039554543 20110508877575.75 
190 0.742976339778218 0.011345383860911086 0.04691521973130913 0.19876305662956198 20110508877575.79 
191 0.7369662557014619 0.01122290763708082 0.04662834211358565 0.2051824945478715 20110508877575.75 
192 0.7311201056601255 0.011081318718741458 0.046254305606820485 0.21154427001431272 20110508877575.723 
193 0.7254431595955384 0.010922138186801619 0.04579805646430845 0.2178366457533517 20110508877575.74 
194 0.7199394098727353 0.010746934004955274 0.04526494898940146 0.22404870713290792 20110508877575.715 
195 0.7146116497531262 0.01055729758167821 0.044660649396602914 0.23017040326859273 20110508877575.77 
196 0.7094615604772522 0.010354822375752908 0.04399104305193017 0.23619257409506472 20110508877575.67 
197 0.7044898040580658 0.010141084785377097 0.04326214684820873 0.24210696430834822 20110508877575.727 
198 0.6996961191680515 0.009917627458151352 0.042480028093738374 0.24790622528005885 20110508877575.71 
199 0.695079417827638 0.009685945068488012 0.04165073092175302 0.25358390618212096 20110508877575.79 
200 0.6906378809464061 0.009447472532070633 0.04078021087837925 0.2591344356431441 20110508877575.73 
