0 0.9969178057909355 0.0030821942090645863 0.0 0.0 20084301075199.74 
1 0.9967965208966579 0.0013860294330058276 0.0015332637793961262 0.0002841858909400437 20110508877575.72 
2 0.9964972243804049 0.000867014204660127 0.001977382895081611 0.0006583785198532129 20110508877575.77 
3 0.9961770486132728 0.0007215222259048746 0.002078043677981287 0.001023385482841025 20110508877575.676 
4 0.9959041453375967 0.0006684718209603429 0.0020716950387710746 0.001355687802671876 20110508877575.8 
5 0.9956744186519136 0.0006389395199367263 0.0020308408599613386 0.0016558009681882937 20110508877575.723 
6 0.995474001754124 0.0006164728580226212 0.0019799075951898834 0.0019296177926634876 20110508877575.832 
7 0.995291692749511 0.0005971388327472222 0.001928134795209905 0.0021830336225318863 20110508877575.75 
8 0.9951199127117067 0.0005799951928105835 0.001879309295046837 0.0024207828004358476 20110508877575.79 
9 0.9949537408873675 0.0005647991323940054 0.0018350090034095544 0.0026464509768287414 20110508877575.77 
10 0.9947899733585244 0.0005514536237886847 0.0017958376792681213 0.0028627353384186997 20110508877575.777 
11 0.9946264714986695 0.0005398813109198484 0.0017619511572401568 0.003071696033170452 20110508877575.7 
12 0.9944617494906486 0.0005300030298740561 0.0017333011594176993 0.0032749463200596523 20110508877575.723 
13 0.9942947201936392 0.0005217394314179815 0.0017097550065032483 0.003473785368439568 20110508877575.73 
14 0.9941245387153957 0.0005150156991197322 0.0016911568096323174 0.0036692887758522723 20110508877575.664 
15 0.9939505044662094 0.0005097652182167607 0.001677359781757717 0.003862370533816063 20110508877575.766 
16 0.9937719976675495 0.0005059319033943319 0.00166824397131001 0.004053826457745966 20110508877575.76 
17 0.9935884359603596 0.0005034716092342227 0.001663726637014008 0.004244365793392209 20110508877575.73 
18 0.9933992426665846 0.0005023530151913044 0.0016637689933574511 0.004434635324866634 20110508877575.74 
19 0.9932038218167498 0.0005025582219400302 0.0016683812424052767 0.004625238718905036 20110508877575.758 
20 0.9930015372099793 0.0005040831595632743 0.0016776268138536242 0.004816752816603627 20110508877575.71 
21 0.9927916941087511 0.0005069378079583545 0.0016916261540790563 0.005009741929211409 20110508877575.723 
22 0.9925735230407768 0.0005111461584702211 0.0017105600342121822 0.005204770766540802 20110508877575.82 
23 0.9923461657866471 0.0005167457954028271 0.0017346720863422697 0.005402416331607746 20110508877575.676 
24 0.9921086640840294 0.0005237869425360027 0.0017642700783704003 0.005603278895064209 20110508877575.7 
25 0.9918599519370193 0.0005323307995942859 0.0017997252800230085 0.005807991983363479 20110508877575.715 
26 0.9915988527286569 0.0005424469786038302 0.0018414691380762484 0.006017231154662975 20110508877575.758 
27 0.9913240826611716 0.0005542098223293693 0.0018899863364063992 0.00623172118009272 20110508877575.754 
28 0.99103426249875 0.0005676933190132139 0.0019458031070705326 0.0064522410751662726 20110508877575.785 
29 0.9907279402947092 0.0005829641949638057 0.0020094693029242654 0.006679626207402869 20110508877575.734 
30 0.9904036288285356 0.0006000725782660682 0.0020815321871376705 0.006914766406060723 20110508877575.684 
31 0.9900598627257793 0.0006190394696136683 0.002162499209248918 0.007158598595358083 20110508877575.684 
32 0.9896952811434248 0.0006398403283606021 0.0022527865363353625 0.007412091991879369 20110508877575.7 
33 0.9893087414049249 0.0006623846779282571 0.0023526504371081084 0.007676223480038649 20110508877575.8 
34 0.9888994655974382 0.0006864930390498143 0.0024621006862066887 0.007951940677305295 20110508877575.74 
35 0.9884672145894773 0.0007118747747774861 0.002580799813923873 0.008240110821821328 20110508877575.863 
36 0.988012472039203 0.0007381131477064266 0.0027079594382259688 0.008541455374864507 20110508877575.773 
37 0.9875366069328985 0.0007646659350262284 0.002842253797096817 0.00885647333497851 20110508877575.754 
38 0.9870419721630147 0.0007908896710465889 0.002981777755265867 0.009185360410672914 20110508877575.754 
39 0.986531895647219 0.0008160915335620218 0.0031240774303890506 0.009527935388830077 20110508877575.77 
40 0.9860105350368837 0.0008396050204395713 0.0032662722691803063 0.009883587673496359 20110508877575.715 
41 0.985482596780984 0.0008608761963010304 0.0034052675759454897 0.010251259446769261 20110508877575.766 
42 0.9849529566639428 0.0008795406346929319 0.0035380312545162376 0.010629471446847984 20110508877575.742 
43 0.9844262480373092 0.0008954711384559928 0.003661887158260339 0.011016393665974568 20110508877575.734 
44 0.983906493552521 0.0009087838987327474 0.0037747690917552456 0.01140995345699086 20110508877575.75 
45 0.9833968422786648 0.0009198031162510158 0.0038753882890623062 0.011807966316022125 20110508877575.734 
46 0.9828994429541652 0.000928996011702304 0.003963289898156455 0.012208271135975909 20110508877575.746 
47 0.9824154488553332 0.0009368967395284189 0.0040388016951164755 0.012608852710021965 20110508877575.754 
48 0.9819451234208274 0.0009440369957339273 0.004102900781955094 0.013007938801483526 20110508877575.79 
49 0.9814880051808403 0.0009508947100972891 0.004157034845634135 0.01340406526342815 20110508877575.62 
50 0.9810430943157635 0.00095786404238973 0.004202933132211355 0.013796108509635467 20110508877575.79 
51 0.9806090345996394 0.000965243641005674 0.004242432916566618 0.014183288842788232 20110508877575.81 
52 0.9801842764837388 0.0009732374007942063 0.004277335706676526 0.014565150408790419 20110508877575.695 
53 0.9797672155662833 0.0009819622466867473 0.004309297962332888 0.01494152422469714 20110508877575.754 
54 0.9793563050193163 0.0009914592157936903 0.0043397553334097085 0.01531248043148022 20110508877575.746 
55 0.9789501420019022 0.001001705926161878 0.004369876887107341 0.01567827518482867 20110508877575.742 
56 0.9785475283216326 0.001012629718071846 0.004400545218203758 0.016039296742091896 20110508877575.703 
57 0.9781475057578385 0.0010241212511976998 0.004432358526476684 0.016396014464487293 20110508877575.742 
58 0.977749367058317 0.00103604834075973 0.004465650954184001 0.01674893364673918 20110508877575.734 
59 0.9773526447549776 0.0010482695671604522 0.004500527396810649 0.01709855828105138 20110508877575.715 
60 0.9769570814284146 0.0010606469037612294 0.0045369086373247105 0.017445363030499355 20110508877575.74 
61 0.9765625865337582 0.001073056432720675 0.004574582203465103 0.017789774830055886 20110508877575.754 
62 0.976169185956471 0.001085396260534322 0.004613254089651752 0.018132163693342966 20110508877575.766 
63 0.975776970736713 0.0010975910305330136 0.004652596677086488 0.01847284155566758 20110508877575.668 
64 0.9753860507244403 0.0011095928997960946 0.004692288958338291 0.018812067417425218 20110508877575.72 
65 0.9749965174173154 0.0011213793742028241 0.004732046470229916 0.019150056738251986 20110508877575.73 
66 0.9746084182388394 0.0011329488291792766 0.004771639931299011 0.019486993000682216 20110508877575.75 
67 0.9742217424909885 0.0011443147744439341 0.00481090314631467 0.01982303958825293 20110508877575.77 
68 0.9738364175699414 0.0011554999131668604 0.004849731980572432 0.020158350536319078 20110508877575.754 
69 0.9734523130069076 0.0011665308402366032 0.004888076934437737 0.02049307921841798 20110508877575.703 
70 0.9730692495319562 0.0011774339090234354 0.004925932027500144 0.02082738453152026 20110508877575.74 
71 0.9726870105416634 0.0011882324672360112 0.004963322425092717 0.021161434566007848 20110508877575.824 
72 0.9723053538829262 0.0011989453930252175 0.005000292675167772 0.021495408048880813 20110508877575.703 
73 0.9719240225393914 0.0012095866885783845 0.005036896750340305 0.02182949402169 20110508877575.68 
74 0.9715427534598442 0.0012201658124663581 0.005073190454845019 0.022163890272844468 20110508877575.805 
75 0.9711612842984906 0.0012306884343382429 0.005109226251076653 0.02249880101609451 20110508877575.664 
76 0.9707793582038439 0.0012411573477338447 0.005145050222212351 0.022834434226210013 20110508877575.72 
77 0.9703967269988704 0.0012515733514071527 0.005180700710651647 0.023170998939070788 20110508877575.816 
78 0.9700131531693801 0.001261935985682313 0.00521620812560834 0.02350870271932928 20110508877575.8 
79 0.969628411059893 0.0012722440750214815 0.005251595456048576 0.023847749409037115 20110508877575.76 
80 0.9692422876053961 0.00128249607531019 0.005286879117253781 0.024188337202039757 20110508877575.75 
81 0.9688545828355105 0.0012926902537129749 0.005322069868101747 0.024530657042674726 20110508877575.72 
82 0.9684651102972011 0.0013028247428445063 0.005357173639169536 0.024874891320784773 20110508877575.844 
83 0.968073697466669 0.0013128975134028813 0.005392192196144 0.025221212823784103 20110508877575.73 
84 0.9676801861660832 0.0013229063044935525 0.005427123623829378 0.025569783905593876 20110508877575.68 
85 0.9672844329666337 0.0013328485422550262 0.005461962653850041 0.02592075583726133 20110508877575.727 
86 0.9668863095429353 0.0013427212678022774 0.005496700877722121 0.026274268311540356 20110508877575.72 
87 0.9664857029406274 0.0013525210866938264 0.00553132689141179 0.026630449081266983 20110508877575.793 
88 0.9660825157243939 0.0013622441450301347 0.005565826412906646 0.026989413717669254 20110508877575.715 
89 0.9656766659835757 0.0013718861321990788 0.005600182405022113 0.027351265479203142 20110508877575.703 
90 0.9652680871838942 0.0013814423070822386 0.005634375224887775 0.0277160952841358 20110508877575.69 
91 0.9648567278645744 0.0013909075428885592 0.005668382811409876 0.028083981781127268 20110508877575.754 
92 0.9644425511890571 0.001400276385278737 0.005702180913656907 0.028454991512007238 20110508877575.73 
93 0.9640255343641304 0.0014095431186923653 0.005735743356987268 0.02882917916018997 20110508877575.78 
94 0.9636056679465911 0.001418701836460898 0.005769042339803932 0.029206587877144037 20110508877575.695 
95 0.9631829550587936 0.001427746511141744 0.005802048751757304 0.0295872496783073 20110508877575.707 
96 0.9627574105349807 0.0014366710623774416 0.005834732503605002 0.029971185899036912 20110508877575.71 
97 0.9623290600196394 0.0014454694203717778 0.005867062859332333 0.03035840770065667 20110508877575.758 
98 0.9618979390375848 0.0014541355837380107 0.0058990087621637885 0.030748916616513293 20110508877575.746 
99 0.961464092053465 0.0014626636709974526 0.005930539147434646 0.03114270512810297 20110508877575.73 
100 0.9610275715361192 0.001471047965401584 0.005961623236728128 0.031539757261751115 20110508877575.73 
101 0.960588437040914 0.0014792829530338866 0.005992230809067483 0.03194004919698454 20110508877575.707 
102 0.9601467543209478 0.0014873633543424833 0.006022332446195454 0.03234354987851423 20110508877575.75 
103 0.959702594475952 0.0014952841493845051 0.006051899750044417 0.03275022162461918 20110508877575.77 
104 0.9592560331458364 0.0015030405971455504 0.006080905531385379 0.03316002072563271 20110508877575.754 
105 0.9588071497541542 0.0015106282493489573 0.006109323969364056 0.03357289802713274 20110508877575.68 
106 0.9583560268052956 0.0015180429592017578 0.006137130742203816 0.03398879949329874 20110508877575.71 
107 0.9579027492379305 0.0015252808855436054 0.006164303129813152 0.03440766674671256 20110508877575.742 
108 0.957447403836107 0.0015323384928767846 0.006190820089395807 0.03482943758162044 20110508877575.742 
109 0.9569900786984211 0.0015392125477636945 0.006216662305458058 0.03525404644835722 20110508877575.67 
110 0.9565308627648416 0.0015459001120802153 0.006241812215841838 0.03568142490723641 20110508877575.742 
111 0.9560698454000102 0.0015523985336133453 0.006266254015611486 0.036111502050764924 20110508877575.695 
112 0.9556071160312242 0.0015587054344843646 0.006289973640777009 0.03654420489351449 20110508877575.64 
113 0.9551427638387342 0.0015648186978679047 0.006312958733963964 0.03697945872943393 20110508877575.684 
114 0.9546768774955499 0.0015707364534585757 0.006335198594230462 0.03741718745676112 20110508877575.746 
115 0.9542095449535574 0.0015764570621127428 0.006356684113288471 0.03785731387104125 20110508877575.793 
116 0.9537408532724625 0.0015819791000621893 0.00637740770040894 0.03829975992706647 20110508877575.74 
117 0.9532708884878539 0.0015873013430599135 0.006397363198272755 0.03874444697081343 20110508877575.734 
118 0.952799735514549 0.001592422750777868 0.006416545791979714 0.039191295942693445 20110508877575.75 
119 0.9523274780813101 0.0015973424517316493 0.006434951913336265 0.0396402275536218 20110508877575.73 
120 0.951854198693036 0.0016020597289609548 0.006452579142423813 0.04009116243557922 20110508877575.758 
121 0.9513799786165871 0.0016065740066482218 0.006469426108297112 0.04054402126846752 20110508877575.72 
122 0.9509048978865481 0.0016108848378115278 0.006485492390487736 0.040998724885152694 20110508877575.742 
123 0.9504290353273852 0.001614991893164504 0.006500778422792482 0.041455194356657746 20110508877575.69 
124 0.9499524685886871 0.0016188949511949716 0.006515285400622114 0.04191335105949582 20110508877575.723 
125 0.9494752741904211 0.0016225938894783155 0.006529015192970506 0.04237311672712999 20110508877575.688 
126 0.9489975275754053 0.0016260886772089794 0.0065419702598522 0.042834413487533474 20110508877575.727 
127 0.9485193031664922 0.001629379368907231 0.006554153575849058 0.04329716388875145 20110508877575.684 
128 0.9480406744262457 0.0016324660992362331 0.006565568560207788 0.04376129091431026 20110508877575.727 
129 0.9475617139171871 0.001635349078848047 0.006576219013746604 0.04422671799021809 20110508877575.727 
130 0.9470824933609978 0.0016380285911645062 0.006586109062664208 0.044693368985173496 20110508877575.734 
131 0.9466030836952902 0.001640504989992053 0.0065952431091960955 0.045161168205521574 20110508877575.72 
132 0.9461235551268904 0.0016427786978650497 0.006603625788938133 0.0456300403863065 20110508877575.766 
133 0.9456439771807473 0.0016448502050121624 0.006611261934552956 0.04609991067968754 20110508877575.797 
134 0.9451644187438664 0.001646720068842143 0.00661815654549027 0.04657070464180122 20110508877575.79 
135 0.9446849481038115 0.0016483889138504332 0.006624314763290439 0.04704234821904768 20110508877575.754 
136 0.9442056329815273 0.0016498574318538556 0.006629741851994915 0.047514767734624014 20110508877575.74 
137 0.9437265405583721 0.0016511263824682914 0.006634443183160883 0.04798788987599862 20110508877575.77 
138 0.9432477374973794 0.0016521965937523965 0.0066384242249652265 0.048461641683903 20110508877575.734 
139 0.9427692899588762 0.0016530689629491752 0.006641690534883322 0.048935950543291334 20110508877575.72 
140 0.9422912636106658 0.001653744457265962 0.006644247755442068 0.04941074417662621 20110508877575.766 
141 0.9418137236330613 0.0016542241146418272 0.006646101612565673 0.049885950639731294 20110508877575.652 
142 0.9413367347190964 0.0016545090444598125 0.00664725791606105 0.050361498320382864 20110508877575.723 
143 0.9408603610702738 0.001654600428169264 0.006647722561824388 0.050837315939732626 20110508877575.758 
144 0.9403846663882541 0.0016544995197898635 0.006647501535383129 0.05131333255657289 20110508877575.723 
145 0.9399097138628737 0.0016542076462764826 0.00664660091642919 0.05178947757442068 20110508877575.734 
146 0.9394355661568989 0.0016537262077287941 0.006645026884036253 0.0522656807513361 20110508877575.703 
147 0.9389622853879178 0.0016530566774347552 0.006642785722292155 0.05274187221235529 20110508877575.715 
148 0.9384899331077545 0.0016522006017416014 0.006639883826115058 0.05321798246438887 20110508877575.69 
149 0.9380185702797799 0.0016511595997511638 0.006636327707056896 0.053693942413412 20110508877575.715 
150 0.9375482572544707 0.0016499353628396933 0.006632123998930181 0.054169683383759513 20110508877575.715 
