0 0.9999873705091066 1.2629490893285408e-05 0.0 0.0 20110459649203.74 
1 0.9999928519465664 2.8592213734394458e-06 3.70258882891439e-06 5.862432312447784e-07 20110508877575.74 
2 0.9999953561944936 9.72959183587047e-07 2.9074352571653855e-06 7.63411065627117e-07 20110508877575.72 
3 0.9999967469445726 5.323879803655583e-07 2.001708292979752e-06 7.189591539976e-07 20110508877575.754 
4 0.9999976575477842 3.554645463735579e-07 1.3801128120085574e-06 6.068748574394497e-07 20110508877575.78 
5 0.9999982752628277 2.5399271144869416e-07 9.76936393966673e-07 4.938080669029578e-07 20110508877575.793 
6 0.999998696001745 1.8837572997141475e-07 7.143224750248238e-07 4.013000498800408e-07 20110508877575.773 
7 0.9999989822075941 1.4447787113294202e-07 5.408166740107932e-07 3.324978608591965e-07 20110508877575.773 
8 0.9999991764354005 1.1471590304623797e-07 4.2452352902030114e-07 2.8432516741156e-07 20110508877575.79 
9 0.9999993076431805 9.436992240080432e-08 3.456022393385728e-07 2.523846577377188e-07 20110508877575.746 
10 0.9999993953870309 8.038663203887438e-08 2.9153729828022933e-07 2.3268903897053345e-07 20110508877575.73 
11 0.99999945279178 7.076987624163567e-08 2.5432853430504066e-07 2.2210980940897262e-07 20110508877575.785 
12 0.999999488628223 6.420874592918388e-08 2.2880610744257814e-07 2.1835692370658153e-07 20110508877575.71 
13 0.9999995087389888 5.983962770312365e-08 2.1160011619219753e-07 2.19821267366727e-07 20110508877575.74 
14 0.9999995170034393 5.70921995238064e-08 2.004992356969928e-07 2.2540512549515842e-07 20110508877575.734 
15 0.999999515984135 5.5589420389883036e-08 1.9404594085048152e-07 2.343805037812759e-07 20110508877575.777 
16 0.9999995073569737 5.508248048458268e-08 1.912784006826242e-07 2.4628214509245963e-07 20110508877575.72 
17 0.999999492195981 5.5408446928803263e-08 1.9156467104096165e-07 2.6083090093228975e-07 20110508877575.695 
18 0.9999994711611209 5.646267288654501e-08 1.9449563985502032e-07 2.7788056619503393e-07 20110508877575.734 
19 0.999999444621649 5.818083280294887e-08 1.9981571395674673e-07 2.9738180426963495e-07 20110508877575.746 
20 0.9999994127366667 6.052725437155544e-08 2.0737794305707856e-07 3.193581360234273e-07 20110508877575.754 
21 0.999999375507205 6.348738906413952e-08 2.1711509334158503e-07 3.4389031278501374e-07 20110508877575.74 
22 0.9999993328092535 6.706302319355977e-08 2.2902123201387132e-07 3.7110649128337463e-07 20110508877575.793 
23 0.9999992844138916 7.12693259265791e-08 2.4314033325479173e-07 4.0117644928271745e-07 20110508877575.69 
24 0.9999992299985057 7.613315335255736e-08 2.595596730213894e-07 4.3430866788833423e-07 20110508877575.727 
25 0.9999991691516451 8.16922394336252e-08 2.784065980421675e-07 4.7074951737712067e-07 20110508877575.734 
26 0.9999991013730938 8.799504484095606e-08 2.9984779283023926e-07 5.107840687557924e-07 20110508877575.74 
27 0.999999026070089 9.510112897963435e-08 3.2409052931378187e-07 5.547382527088251e-07 20110508877575.668 
28 0.9999989425501615 1.0308197570847143e-07 3.513856324435629e-07 6.029822302851925e-07 20110508877575.676 
29 0.9999988500107283 1.1202225045381498e-07 3.820320748182803e-07 6.559349464084154e-07 20110508877575.734 
30 0.9999987475253216 1.2202150303252864e-07 4.163832525794214e-07 7.140699228928867e-07 20110508877575.76 
31 0.9999986340261023 1.3319636166783554e-07 4.548551132129872e-07 7.77922422827975e-07 20110508877575.688 
32 0.9999985082820981 1.4568329311147695e-07 4.979364176127967e-07 8.480981910338413e-07 20110508877575.816 
33 0.9999983688723785 1.5964203435871442e-07 5.462015347898373e-07 9.252840523365563e-07 20110508877575.71 
34 0.9999982141531306 1.752598356256132e-07 6.003262973396041e-07 1.010260736460066e-06 20110508877575.668 
35 0.9999980422173063 1.9275669439902188e-07 6.611075981412338e-07 1.1039184010926932e-06 20110508877575.832 
36 0.9999978508451486 2.1239180893252465e-07 7.294875931394678e-07 1.2072754492784132e-06 20110508877575.793 
37 0.9999976374434678 2.34471539326189e-07 8.065836020500447e-07 1.3215013907282778e-06 20110508877575.727 
38 0.9999973989709929 2.593592385827871e-07 8.93725080987323e-07 1.4479446873339738e-06 20110508877575.707 
39 0.9999971318464362 2.87487408775478e-07 9.924993936286122e-07 1.5881667613716193e-06 20110508877575.734 
40 0.9999968318350534 3.1937275362286463e-07 1.1048085495128528e-06 1.7439836433682478e-06 20110508877575.754 
41 0.9999964939084112 3.5563484447022855e-07 1.2329396329706626e-06 1.9175171113229823e-06 20110508877575.727 
42 0.9999961120707132 3.9701929954127194e-07 1.3796523434227846e-06 2.111257643939916e-06 20110508877575.76 
43 0.9999956791433473 4.4442660582974144e-07 1.5482879441356624e-06 2.3281421028765387e-06 20110508877575.7 
44 0.999995186497177 4.989480008931863e-07 1.7429050178682121e-06 2.5716498042909735e-06 20110508877575.8 
45 0.9999946237194184 5.619101925800738e-07 1.9684488112549576e-06 2.8459215777448515e-06 20110508877575.69 
46 0.9999939781985777 6.349311460981514e-07 2.2309626858930823e-06 3.155907590263777e-06 20110508877575.645 
47 0.9999932346067021 7.19989731281665e-07 2.537852369798774e-06 3.507551196757474e-06 20110508877575.793 
48 0.9999923742529105 8.195127240218518e-07 2.8982164239538137e-06 3.9080179415664705e-06 20110508877575.797 
49 0.9999913742755695 9.364835244045121e-07 3.3232597322069425e-06 4.365981173939288e-06 20110508877575.746 
50 0.9999902066322697 1.074578023723124e-06 3.8268110387206564e-06 4.89197866793736e-06 20110508877575.727 
51 0.9999888368365802 1.2383343589615787e-06 4.425970767277685e-06 5.498858293551832e-06 20110508877575.72 
52 0.9999872223780442 1.4333648709480543e-06 5.141921749515117e-06 6.202335335361777e-06 20110508877575.74 
53 0.9999853107465987 1.6666204571966409e-06 6.000943256093729e-06 7.021689688016697e-06 20110508877575.668 
54 0.9999830369641945 1.946719687420168e-06 7.035678032798797e-06 7.980638085212789e-06 20110508877575.777 
55 0.9999803205045669 2.2843574905456923e-06 8.286712982762453e-06 9.108424959820254e-06 20110508877575.72 
56 0.9999770614568763 2.6928108080973356e-06 9.804546627891785e-06 1.044118568775142e-05 20110508877575.754 
57 0.9999731357608282 3.188561080172359e-06 1.1652030124052405e-05 1.2023647967609066e-05 20110508877575.715 
58 0.9999683893113962 3.7920552894640046e-06 1.3907382411667808e-05 1.3911250902664445e-05 20110508877575.72 
59 0.9999626307036249 4.528627652355077e-06 1.6667892083502756e-05 1.617277663923009e-05 20110508877575.703 
60 0.9999556223681484 5.429601424297422e-06 2.005442515443226e-05 1.889360527292049e-05 20110508877575.758 
61 0.9999470698464332 6.533582273760457e-06 2.4216852985357413e-05 2.2179718307678822e-05 20110508877575.77 
62 0.9999366089884486 7.887937550612721e-06 2.9340488151412057e-05 2.6162585849340856e-05 20110508877575.727 
63 0.9999237909512835 9.5504240361216e-06 3.565355251658595e-05 3.100507216386018e-05 20110508877575.742 
64 0.9999080650750118 1.1590872800699902e-05 4.34355782283532e-05 3.690847395929904e-05 20110508877575.79 
65 0.999888760067306 1.4092754022007294e-05 5.302642699818087e-05 4.412075167378802e-05 20110508877575.75 
66 0.9998650645111192 1.715431687854566e-05 6.483526592369348e-05 5.2945906078570316e-05 20110508877575.78 
67 0.9998360085954247 2.0888823331605205e-05 7.934831693928244e-05 6.375426430437793e-05 20110508877575.742 
68 0.9998004502099811 2.5423175626620486e-05 9.713347361968041e-05 7.699314077280868e-05 20110508877575.734 
69 0.9997570701124248 3.089401011162923e-05 0.00011883897424767123 9.319690321592929e-05 20110508877575.74 
70 0.9997043825591219 3.744018091639944e-05 0.00014518236314582365 0.00011299489681599025 20110508877575.836 
71 0.9996407690627236 4.519064846468162e-05 0.00017692528274570123 0.00013711500606614435 20110508877575.75 
72 0.9995645428425773 5.424735918980711e-05 0.00021482979727835392 0.0001663800009546685 20110508877575.695 
73 0.9994740487406246 6.46640037664892e-05 0.00025959377068052755 0.0002016934849284067 20110508877575.688 
74 0.9993677966527952 7.642364016541177e-05 0.0003117670875898809 0.0002440126194496583 20110508877575.652 
75 0.9992446158005257 8.942063523683031e-05 0.00037165732659646326 0.00029430623764097204 20110508877575.707 
76 0.9991038049318776 0.00010345401668472567 0.00043924141609808317 0.0003534996353395913 20110508877575.69 
77 0.9989452454870632 0.00011823836750844291 0.0005141053050729339 0.0004224108403553122 20110508877575.777 
78 0.9987694478890446 0.00013343358231257397 0.0005954321456886935 0.000501686382954254 20110508877575.727 
79 0.9985775187305418 0.0001486870888349722 0.0006820482000846459 0.0005917459805384842 20110508877575.742 
80 0.9983710631324285 0.00016367544787883196 0.0007725174020885248 0.0006927440176041822 20110508877575.676 
81 0.9981520578890788 0.00017813156456268669 0.0008652589916870972 0.000804551554671364 20110508877575.664 
82 0.9979227335483332 0.00019185095864894557 0.0009586577923036539 0.0009267577007142456 20110508877575.78 
83 0.9976854853941126 0.0002046817559657819 0.00105114693643836 0.0010586859134833503 20110508877575.72 
84 0.9974428070955729 0.0002165108767004397 0.0011412615632889823 0.001199420464437728 20110508877575.65 
85 0.9971972242614893 0.00022725827507948318 0.0012276771423784566 0.001347840321052649 20110508877575.707 
86 0.9969512074971243 0.00023688332304928588 0.0013092490496886347 0.001502660130137816 20110508877575.71 
87 0.9967070610855646 0.00024539856140507306 0.0013850613307640368 0.0016624790222661836 20110508877575.79 
88 0.9964668014456542 0.0002528816774644222 0.001454479848925338 0.001825837027955963 20110508877575.727 
89 0.996232048709182 0.00025947811099091096 0.0015171964492488926 0.001991276730578258 20110508877575.742 
90 0.9960039527157013 0.0002653916178467441 0.0015732500123101238 0.002157405654141647 20110508877575.812 
91 0.9957831654698308 0.0002708649187097111 0.00162301582523918 0.0023229537862202586 20110508877575.562 
92 0.9955698612754624 0.00027615518505940735 0.001667162643915502 0.0024868208955625094 20110508877575.79 
93 0.9953637971660666 0.0002815094370626062 0.0017065837148271896 0.0026481096820435077 20110508877575.76 
94 0.9951644012469247 0.000287143818655475 0.0017423121495325595 0.0028061427848872574 20110508877575.72 
95 0.9949708749328384 0.000293229099752421 0.0017754322137582897 0.002960463753650865 20110508877575.76 
96 0.9947822959334263 0.00029988323121257223 0.0018069969695771286 0.0031108238657839957 20110508877575.746 
97 0.9945977112047509 0.0003071706272828297 0.0018379602297643024 0.0032571579382019754 20110508877575.777 
98 0.9944162120759831 0.0003151071425448982 0.0018691278135770544 0.0033995529678951396 20110508877575.758 
99 0.9942369867826888 0.0003236693767108256 0.0019011302444146086 0.0035382135961858413 20110508877575.695 
100 0.9940593484336686 0.0003328068380029171 0.0019344166050642665 0.0036734281232641795 20110508877575.73 
101 0.9938827389807814 0.0003424554853578256 0.0019692673213314183 0.0038055382125294864 20110508877575.746 
102 0.9937067120758164 0.0003525511831973889 0.002005822126837622 0.003934914614148616 20110508877575.766 
103 0.9935308996975202 0.0003630416631948739 0.002044118348245549 0.004061940291039184 20110508877575.793 
104 0.9933549688718488 0.00037389577280047705 0.0020841340152753583 0.004187001340075388 20110508877575.72 
105 0.9931785753879726 0.00038510916166941534 0.0021258302783334782 0.004310485172024599 20110508877575.766 
106 0.9930013209442556 0.00039670610038618784 0.002169188298835919 0.004432784656522186 20110508877575.695 
107 0.9928227187054942 0.0004087377389634153 0.0022142371085952955 0.004554306446947025 20110508877575.773 
108 0.9926421701452757 0.00042127764628522137 0.0022610706840316824 0.004675481524407344 20110508877575.67 
109 0.9924589537729568 0.0004344157961909963 0.0023098542999774735 0.00479677613087468 20110508877575.734 
110 0.9922722243784279 0.0004482522238710713 0.0023608217643014445 0.004918701633399614 20110508877575.715 
111 0.9920810200898349 0.0004628913959023833 0.0024142661412570863 0.0050418223730056356 20110508877575.664 
112 0.9918842739370494 0.0004784380069742251 0.002470526961786467 0.0051667610941898015 20110508877575.742 
113 0.9916808266687466 0.0004949945416241712 0.0025299767575945936 0.00529420203203468 20110508877575.7 
114 0.9914694380960439 0.0005126606059065092 0.0025930092041353235 0.005424892093914354 20110508877575.844 
115 0.9912487950147002 0.000531533790404167 0.0026600304077883745 0.005559640787107485 20110508877575.734 
116 0.9910175146024367 0.0005517116849942901 0.0027314540950430267 0.005699319617525938 20110508877575.754 
117 0.9907741429622657 0.0005732946157869901 0.002807700778524404 0.005844861643422692 20110508877575.734 
118 0.9905171491052559 0.0005963886933685142 0.002889200455032929 0.005997261746342543 20110508877575.684 
119 0.9902449150998307 0.0006211088252500109 0.002976398058544042 0.00615757801637535 20110508877575.727 
120 0.989955723355022 0.0006475814337307462 0.0030697607386216633 0.006326934472625607 20110508877575.746 
121 0.9896477420706404 0.0006759467167875204 0.0031697860342629835 0.006506525178308917 20110508877575.707 
122 0.9893190098123243 0.0007063603812766548 0.003277010126268692 0.006697619680130198 20110508877575.754 
123 0.9889674199974594 0.0007389948550891644 0.0033920155352275437 0.006901569612223803 20110508877575.73 
124 0.9885907058554001 0.0007740400416629002 0.0035154378458828774 0.007119816257054149 20110508877575.703 
125 0.988186426195111 0.000811703713760234 0.0036479712466161124 0.007353898844512692 20110508877575.668 
126 0.9877519521092963 0.0008522116545609685 0.003790372848743067 0.00760546338739951 20110508877575.793 
127 0.987284454588321 0.0008958076467216893 0.0039434658787304505 0.007876271886226797 20110508877575.73 
128 0.9867808929193884 0.0009427533897062979 0.004108141912228601 0.008168211778676585 20110508877575.723 
129 0.9862380037056157 0.000993328398412183 0.004285362345509991 0.00848330555046231 20110508877575.81 
130 0.9856522903476693 0.0010478299071752968 0.004476159286683534 0.00882372045847185 20110508877575.734 
131 0.9850200128757471 0.0011065727764604765 0.004681636007706593 0.009191778340085858 20110508877575.754 
132 0.984337178089582 0.0011698893770934187 0.004902967040438009 0.00958996549288641 20110508877575.75 
133 0.9835995300481655 0.0012381294094711314 0.005141397935650655 0.010020942606712893 20110508877575.67 
134 0.9828025410408305 0.001311659602465729 0.0053982446402592865 0.010487554716444565 20110508877575.56 
135 0.9819414032619153 0.0013908632278184943 0.005674892389497851 0.010992841120768464 20110508877575.742 
136 0.9810110214992847 0.0014761393596567911 0.0059727939595826795 0.011540045181475923 20110508877575.758 
137 0.9800060072311834 0.001567901804428824 0.0062934670830994705 0.012132623881288267 20110508877575.69 
138 0.9789206746056547 0.0016665776233834896 0.0066384907935918185 0.012774256977369893 20110508877575.773 
139 0.9777490388519557 0.0017726051673880568 0.007009500436914855 0.013468855543741243 20110508877575.793 
140 0.9764848177436872 0.0018864315423434085 0.0074081810642452174 0.014220569649724079 20110508877575.78 
141 0.9751214367978863 0.0020085094229581836 0.007836258904980267 0.015033794874175282 20110508877575.72 
142 0.9736520389516407 0.0021392931336176447 0.008295490607388897 0.0159131773073528 20110508877575.72 
143 0.9720694995055003 0.0022792339181367427 0.008787649931656212 0.01686361664470676 20110508877575.74 
144 0.970366447157881 0.002428774326043079 0.00931451158530844 0.01789026693076748 20110508877575.715 
145 0.9685352919726947 0.00258834165250165 0.009877831906840046 0.01899853446796364 20110508877575.76 
146 0.9665682611186305 0.002758340382922042 0.010479326132048912 0.02019407236639854 20110508877575.746 
147 0.964457443187231 0.002939143612524132 0.011120642021763716 0.021482771178481103 20110508877575.766 
148 0.962194841831937 0.00313108343646848 0.011803329692118794 0.02287074503947558 20110508877575.746 
149 0.9597724393652198 0.0033344403382227304 0.012528807572007729 0.024364312724549735 20110508877575.742 
150 0.9571822707994956 0.0035494316430552675 0.013298324519226277 0.02596997303822279 20110508877575.758 
151 0.9544165086141734 0.003776199149993175 0.014112918258816698 0.0276943739770168 20110508877575.703 
152 0.951467558271637 0.0040147961088776605 0.014973370464987585 0.029544275154497795 20110508877575.74 
153 0.9483281641870482 0.004265173768332935 0.01588015899096831 0.03152650305365057 20110508877575.77 
154 0.944991525481256 0.004527167783886981 0.016833407956718106 0.03364789877813888 20110508877575.71 
155 0.9414514204172103 0.0048004848407167035 0.017832836627727 0.03591525811434588 20110508877575.727 
156 0.9377023379470081 0.005084689909282754 0.018877708251815613 0.038335263891893546 20110508877575.75 
157 0.9337396142930369 0.00537919461042147 0.019966780254688107 0.04091441084185359 20110508877575.734 
158 0.9295595719720404 0.005683247214525619 0.021098257416052518 0.043658923397381436 20110508877575.742 
159 0.9251596581701002 0.005995924832037636 0.022269749840907894 0.046574667156954394 20110508877575.77 
160 0.9205385789191443 0.006316128364200845 0.023478237687663023 0.049667055028992 20110508877575.74 
161 0.9156964251447663 0.0066425807687281934 0.02472004469771203 0.052940949388793464 20110508877575.727 
162 0.9106347863859162 0.006973829150403596 0.025990822571783787 0.05640056189189632 20110508877575.793 
163 0.905356847863547 0.007308251108639404 0.027285548140673837 0.06004935288713977 20110508877575.78 
164 0.8998674666282935 0.0076440656616061625 0.028598535069402506 0.06388993264069776 20110508877575.81 
165 0.8941732227702702 0.007979348921117181 0.029923461507700564 0.06792396680091206 20110508877575.742 
166 0.8882824421407899 0.008312054518134175 0.03125341465659038 0.07215208868448537 20110508877575.734 
167 0.8822051877167351 0.008640038582630058 0.032580952670110526 0.07657382103052462 20110508877575.793 
168 0.8759532176191244 0.008961088873387415 0.03389818367166849 0.08118750983581971 20110508877575.67 
169 0.8695399088480079 0.009272957445140331 0.035196860964128336 0.08599027274272336 20110508877575.754 
170 0.8629801469706847 0.009573396045731286 0.036468492787752944 0.09097796419583104 20110508877575.816 
171 0.8562901832412344 0.009860193268413992 0.03770446427257319 0.09614515921777843 20110508877575.777 
172 0.849487461868838 0.010131212356978253 0.038896168586798945 0.10148515718738485 20110508877575.734 
173 0.8425904213185232 0.010384428484720177 0.04003514374479505 0.10699000645196155 20110508877575.805 
174 0.8356182745508484 0.010617964309836546 0.0411132111465815 0.11265054999273363 20110508877575.723 
175 0.8285907739235915 0.010830122652884184 0.042122611707025 0.11845649171649929 20110508877575.72 
176 0.8215279670393248 0.011019415245166137 0.0430561354164132 0.12439648229909595 20110508877575.824 
177 0.8144499500952509 0.011184586654380489 0.04390724036090193 0.13045822288946676 20110508877575.695 
178 0.8073766252634442 0.011324632695587183 0.04467015761271063 0.13662858442825784 20110508877575.766 
179 0.8003274683088445 0.011438812868353274 0.04533997895344708 0.14289373986935514 20110508877575.777 
180 0.7933213120671323 0.011526656609666713 0.04591272508498865 0.14923930623821224 20110508877575.75 
181 0.7863761505987534 0.011587963401210388 0.04638539276769944 0.1556504932323368 20110508877575.71 
182 0.779508967865735 0.011622797003929321 0.04675598015703838 0.16211225497329734 20110508877575.734 
183 0.7727355937075783 0.011631474299631519 0.04702349043759759 0.1686094415551926 20110508877575.76 
184 0.7660705887861892 0.011614549388658968 0.04718791463226266 0.1751269471928892 20110508877575.703 
185 0.7595271590888063 0.01157279371796292 0.047250195153886045 0.18164985203934447 20110508877575.71 
186 0.7531170995754256 0.01150717309236035 0.047212172237040585 0.1881635550951734 20110508877575.79 
187 0.746850765675774 0.011418822453956982 0.047076515818086556 0.19465389605218253 20110508877575.727 
188 0.7407370706104174 0.011309019304281123 0.046846645713715857 0.20110726437158558 20110508877575.742 
189 0.7347835059478587 0.011179156596461133 0.04652664308251562 0.20751069437316438 20110508877575.777 
190 0.7289961824190913 0.011030715848203138 0.04612115615096125 0.2138519455817443 20110508877575.7 
191 0.7233798877868641 0.010865241128495073 0.04563530306158214 0.22011956802305854 20110508877575.758 
192 0.7179381584942686 0.01068431446002954 0.04507457447867159 0.2263029525670302 20110508877575.785 
193 0.7126733618754698 0.010489533062847075 0.04444473829005162 0.2323923667716315 20110508877575.71 
194 0.7075867858761901 0.010282488749241607 0.04375174839689152 0.23837897697767685 20110508877575.65 
195 0.7026787334773907 0.010064749670827615 0.04300165921082912 0.24425485764095237 20110508877575.73 
196 0.6979486193174049 0.00983784451981497 0.04220054709971743 0.25001298906306274 20110508877575.72 
197 0.6933950663425189 0.009603249200557268 0.04135443965766252 0.2556472447992614 20110508877575.746 
198 0.6890160006635639 0.009362375915737861 0.040469253335461995 0.2611523700852362 20110508877575.754 
199 0.6848087431400349 0.009116564554465651 0.03955073966379593 0.2665239526417036 20110508877575.74 
200 0.6807700965404991 0.008867076226603212 0.038604440039782216 0.2717583871931153 20110508877575.78 
