0 0.9999768408360213 2.3159163978609963e-05 0.0 0.0 20110362284039.74 
1 0.9999865528522517 5.49571419567399e-06 6.824614455017892e-06 1.1268190976741636e-06 20110508877575.74 
2 0.9999908944150165 2.029703653421778e-06 5.49660293109798e-06 1.5792783989336984e-06 20110508877575.75 
3 0.9999931422012106 1.201127525754279e-06 3.983792081028774e-06 1.6728791827046547e-06 20110508877575.754 
4 0.9999944474888453 8.794454459406723e-07 2.995207462851722e-06 1.6778582460556202e-06 20110508877575.65 
5 0.9999951645934325 7.148769870774243e-07 2.411950751106477e-06 1.7085788292784384e-06 20110508877575.688 
6 0.9999954786186445 6.280613123761474e-07 2.093748544359584e-06 1.7995714989746336e-06 20110508877575.72 
7 0.9999955095495132 5.88965291374429e-07 1.947607647995451e-06 1.9538775473108747e-06 20110508877575.785 
8 0.999995337794647 5.815395141285731e-07 1.915839775903431e-06 2.164826062995977e-06 20110508877575.723 
9 0.9999950164667452 5.961056513201808e-07 1.9628513421594503e-06 2.4245762612852542e-06 20110508877575.816 
10 0.9999945796512861 6.266748425735015e-07 2.066729585030898e-06 2.726944286317509e-06 20110508877575.742 
11 0.9999940482698018 6.695802185268073e-07 2.2141741906493974e-06 3.0679757890117812e-06 20110508877575.7 
12 0.9999934341716403 7.226651251106417e-07 2.397419669328717e-06 3.445743565180955e-06 20110508877575.72 
13 0.999992742922364 7.847768048321344e-07 2.612338653661782e-06 3.85996217740315e-06 20110508877575.72 
14 0.9999919756599013 8.554461293105492e-07 2.8572619503147096e-06 4.311632019106389e-06 20110508877575.74 
15 0.999991130298643 9.34685441739611e-07 3.1322444838380027e-06 4.802771431376033e-06 20110508877575.645 
16 0.9999902022832908 1.022863047714948e-06 3.4386149920169366e-06 5.336238669405011e-06 20110508877575.727 
17 0.9999891850326582 1.120628328095779e-06 3.778710390598009e-06 5.915628623092483e-06 20110508877575.812 
18 0.9999880701679967 1.2288709835580027e-06 4.155733516953759e-06 6.545227502671877e-06 20110508877575.793 
19 0.9999868475877925 1.3487039989240196e-06 4.573696291773484e-06 7.230011916797958e-06 20110508877575.75 
20 0.9999855054280943 1.4814638716678152e-06 5.037425131632751e-06 7.975682902355472e-06 20110508877575.72 
21 0.9999840299314713 1.628724274450423e-06 5.552615084826778e-06 8.78872916944586e-06 20110508877575.723 
22 0.9999824052364278 1.7923211075546746e-06 6.125925651866498e-06 9.676516812728584e-06 20110508877575.652 
23 0.999980613090925 1.9743881580590985e-06 6.765115819519105e-06 1.064740509739583e-05 20110508877575.664 
24 0.9999786324873723 2.177403524218211e-06 7.4792192619481575e-06 1.171088984147355e-05 20110508877575.77 
25 0.9999764392112472 2.4042477234416114e-06 8.278763454903688e-06 1.2877777574369099e-05 20110508877575.74 
26 0.9999740052907501 2.658275075302555e-06 9.176038957787195e-06 1.4160395216891731e-05 20110508877575.715 
27 0.9999712983301643 2.9434006051876686e-06 1.0185427595202044e-05 1.5572841635373833e-05 20110508877575.645 
28 0.9999682807045026 3.264205401079511e-06 1.1323800908574502e-05 1.7131289187600684e-05 20110508877575.727 
29 0.9999649085872643 3.62606411720896e-06 1.2611003212340765e-05 1.8854345406099243e-05 20110508877575.69 
30 0.9999611307764273 4.0352991896924635e-06 1.4070437025377293e-05 2.0763487357674607e-05 20110508877575.727 
31 0.9999568872758753 4.499367342655788e-06 1.5729772698423137e-05 2.2883584083596838e-05 20110508877575.824 
32 0.9999521075800132 5.027085146913321e-06 1.762180886217365e-05 2.524352597776198e-05 20110508877575.633 
33 0.999946708598088 5.628901769654644e-06 1.9785516015469304e-05 2.7876984126920966e-05 20110508877575.816 
34 0.9999405921414254 6.317228635376791e-06 2.226730228379645e-05 3.082332765548412e-05 20110508877575.76 
35 0.9999336418811671 7.106837499719406e-06 2.5122548200005333e-05 3.4128733133133245e-05 20110508877575.812 
36 0.9999257196660357 8.015340380780709e-06 2.84174663221308e-05 3.784752726131558e-05 20110508877575.695 
37 0.9999166610691997 9.063766803895135e-06 3.223135151589544e-05 4.204381248041928e-05 20110508877575.742 
38 0.9999062700108928 1.0277255712709974e-05 3.6659298485680036e-05 4.6793434908695846e-05 20110508877575.71 
39 0.9998943122800658 1.1685880855079384e-05 4.181547397051294e-05 5.218636510855941e-05 20110508877575.734 
40 0.9998805077560448 1.3325628917069685e-05 4.783704068016539e-05 5.8329574358203634e-05 20110508877575.715 
41 0.9998645211135289 1.5239548264433598e-05 5.488883636238988e-05 6.535050184430071e-05 20110508877575.707 
42 0.9998459507873169 1.7479081472833186e-05 6.31689107973158e-05 7.340122041296687e-05 20110508877575.805 
43 0.9998243159865243 2.0105584792496123e-05 7.291501036720487e-05 8.266341831584005e-05 20110508877575.816 
44 0.9997990415966128 2.31920192450937e-05 8.441206554643219e-05 9.335431859554181e-05 20110508877575.71 
45 0.9997694409131789 2.6824766915160442e-05 9.800066855780677e-05 0.00010573365134834006 20110508877575.797 
46 0.9997346963452554 3.110547651685226e-05 0.000114086408759828 0.00012011176946792976 20110508877575.66 
47 0.999693838549437 3.6152767597709274e-05 0.0001331497383907249 0.00013685894457456213 20110508877575.82 
48 0.9996457249609771 4.210351552433939e-05 0.00015575574202389138 0.00015641578147448845 20110508877575.76 
49 0.9995890194303214 4.9113294279561564e-05 0.00018256274827044245 0.00017930452712861268 20110508877575.73 
50 0.9995221757000105 5.735537201493115e-05 0.00021432812700467814 0.0002061408009700874 20110508877575.816 
51 0.9994434287767724 6.701745007769885e-05 0.00025190885791065264 0.00023764491523924002 20110508877575.688 
52 0.9993507997918679 7.829514940421969e-05 0.0002962535856989578 0.0002746514730288998 20110508877575.71 
53 0.9992421214755394 9.138115503955884e-05 0.00034838203296377087 0.00031811533645733313 20110508877575.676 
54 0.9991150924569386 0.00010644905058461704 0.00040934709401729006 0.00036911139845946734 20110508877575.734 
55 0.9989673685400587 0.00012363136618950179 0.00048017510886491535 0.00042882498488686603 20110508877575.75 
56 0.9987966969903692 0.00014299238157795797 0.0005617812705036779 0.0004985293575490851 20110508877575.75 
57 0.9986010947794506 0.0001644978464934018 0.0006548604112900983 0.0005795469627659803 20110508877575.734 
58 0.998379063148807 0.00018798589192866685 0.0007597588660454511 0.0006731920932188187 20110508877575.754 
59 0.9981298191923171 0.00021314558808654632 0.0008763404508936597 0.0007806947687026694 20110508877575.723 
60 0.997853512356548 0.000239511079785524 0.0010038676052802973 0.0009031089583861398 20110508877575.8 
61 0.9975513835191863 0.000266478952885119 0.0011409250691756547 0.0010412124587529511 20110508877575.79 
62 0.997225821604404 0.0002933534789461897 0.001285414902672581 0.0011954100139771587 20110508877575.754 
63 0.9968802822524518 0.00031941830166400207 0.0014346450799365812 0.0013656543659473167 20110508877575.785 
64 0.9965190568700848 0.00034402487794439265 0.0015855178438748218 0.0015514004080958413 20110508877575.777 
65 0.9961469150336753 0.00036668009662419094 0.001734800471286155 0.00175160439841437 20110508877575.836 
66 0.9957686786219918 0.0003871117034929748 0.0018794364776800283 0.001964773196835332 20110508877575.742 
67 0.9953888079164928 0.00040529374984027915 0.0020168391723396103 0.0021890591613273488 20110508877575.73 
68 0.9950110767408484 0.0004214255445535051 0.0021451103278685222 0.002422387386729487 20110508877575.832 
69 0.9946383849783509 0.00043587232667645137 0.0022631463522848378 0.0026625963426877737 20110508877575.79 
70 0.9942727150071881 0.00044908717765935856 0.0023706254239496045 0.002907572391203186 20110508877575.758 
71 0.9939152019876039 0.0004615364163651525 0.0024678987770257958 0.0031553628190052413 20110508877575.715 
72 0.9935662694088411 0.00047364485167399175 0.002555826861876853 0.0034042588776081106 20110508877575.793 
73 0.9932257824782271 0.0004857672244531008 0.0026356029556330383 0.003652847341686724 20110508877575.723 
74 0.9928931856809045 0.0004981831866414214 0.0027085967536312552 0.0039000343788227892 20110508877575.754 
75 0.9925676078779412 0.0005111082122842247 0.002776235580924804 0.004145048328849935 20110508877575.715 
76 0.9922479321922396 0.000524712018959529 0.0028399272271041514 0.0043874285616966255 20110508877575.63 
77 0.9919328362824751 0.0005391378584695515 0.0029010191960449614 0.004627006663010469 20110508877575.785 
78 0.9916208119033069 0.0005545186887227257 0.0029607848181557156 0.004863884589814601 20110508877575.758 
79 0.9913101725133803 0.0005709886300430062 0.0030204260982553232 0.005098412758321526 20110508877575.72 
80 0.9909990557619994 0.0005886897719464185 0.0030810848341009302 0.005331169631953062 20110508877575.68 
81 0.9906854251959659 0.0006077752958246796 0.003143856099623511 0.005562943408585817 20110508877575.727 
82 0.9903670732581121 0.0006284101728043609 0.0032098007183353158 0.005794715850748132 20110508877575.742 
83 0.9900416259863026 0.0006507705951149254 0.003279955349803565 0.006027648068778863 20110508877575.766 
84 0.9897065488526335 0.00067504300272438 0.003355340107172721 0.006263068037469395 20110508877575.773 
85 0.9893591527973478 0.000701423230023495 0.0034369642765181216 0.00650245969611055 20110508877575.758 
86 0.9889965995145482 0.0007301160155773683 0.0035258308946598794 0.006747453575214776 20110508877575.715 
87 0.988615905245062 0.000761334928760894 0.003622940857486267 0.006999818968690743 20110508877575.754 
88 0.988213942586753 0.00079530266574622 0.00372929703502527 0.007261457712475519 20110508877575.69 
89 0.9877874400674317 0.0008322516288246422 0.0038459086633526067 0.007534399640391065 20110508877575.64 
90 0.9873329794116588 0.0008724246998329294 0.003973796115084315 0.007820799773423976 20110508877575.74 
91 0.986846990568967 0.000916076129649548 0.004113996032174914 0.00812293726920869 20110508877575.73 
92 0.9863257446675 0.0009634724792172489 0.004267566731125381 0.008443216122157338 20110508877575.7 
93 0.9857653451258135 0.0010148935580725092 0.004435593749285657 0.008784167566828255 20110508877575.74 
94 0.9851617172068532 0.0010706333126258769 0.004619195379659966 0.009148454100860941 20110508877575.71 
95 0.9845105963397142 0.0011310006188379555 0.004819528030989071 0.009538875010458983 20110508877575.656 
96 0.9838075155724109 0.001196319933274412 0.00503779124322486 0.009958373251089885 20110508877575.836 
97 0.9830477925568223 0.0012669317535143674 0.005275232181496482 0.010410043508166975 20110508877575.703 
98 0.982226516508153 0.0013431928341084863 0.00553314942176464 0.010897141235973986 20110508877575.63 
99 0.9813385356274341 0.0014254760982869955 0.005812895827443237 0.011423092446835493 20110508877575.754 
100 0.9803784455271087 0.001514170179037434 0.006115880298400444 0.01199150399545318 20110508877575.633 
101 0.9793405792556085 0.0016096785167537288 0.006443568153028903 0.012606174074608827 20110508877575.715 
102 0.978218999574774 0.0017124179352201443 0.0067974798824076465 0.0132711026075981 20110508877575.766 
103 0.9770074942007966 0.0018228166140208453 0.00717918799541727 0.013990501189765298 20110508877575.734 
104 0.9756995747713788 0.0019413113742124905 0.007590311657676573 0.014768802196731984 20110508877575.758 
105 0.9742884803454003 0.002068344195702084 0.00803250881782708 0.015610666641070657 20110508877575.66 
106 0.972767186273136 0.002204357889461064 0.008507465514091045 0.016520990323312036 20110508877575.758 
107 0.9711284192922631 0.0023497908555558424 0.00901688206370516 0.01750490778847583 20110508877575.723 
108 0.969364679704937 0.002505070869032534 0.009562455858874793 0.018567793567155547 20110508877575.746 
109 0.9674682714716673 0.0026706078501248635 0.010145860526172808 0.019715260152035098 20110508877575.7 
110 0.96543134101558 0.0028467855934302183 0.01076872125275229 0.020953152138237487 20110508877575.727 
111 0.9632459254620505 0.0030339524532397265 0.011432586143676562 0.022287535941033245 20110508877575.75 
112 0.9609040109387725 0.003232411009905664 0.012138893551855979 0.023724684499465826 20110508877575.66 
113 0.9583976014243029 0.0034424067758123777 0.012888935417733163 0.02527105638215162 20110508877575.746 
114 0.9557187984527624 0.0036641160398446396 0.013683816772289943 0.026933268735102902 20110508877575.72 
115 0.9528598917528733 0.003897632996491747 0.014524411696091357 0.02871806355454365 20110508877575.742 
116 0.9498134606162283 0.004142956359577439 0.01541131618996733 0.03063226683422699 20110508877575.72 
117 0.9465724854505269 0.004399975719989925 0.016344798598913374 0.03268274023056974 20110508877575.82 
118 0.9431304685796192 0.004668457969773356 0.017324748437137466 0.034876325013469996 20110508877575.758 
119 0.9394815629092699 0.004948034178677697 0.018350624683421263 0.03721977822863114 20110508877575.695 
120 0.9356207065963023 0.005238187370004294 0.01942140484371756 0.0397197011899759 20110508877575.742 
121 0.931543761355639 0.005538241695781766 0.020535536300695854 0.042382460647883355 20110508877575.72 
122 0.9272476515368167 0.005847353551812762 0.02169089167344027 0.04521410323793028 20110508877575.758 
123 0.9227305006262284 0.0061645051954684485 0.022884730077955495 0.04822026410034768 20110508877575.82 
124 0.9179917614154794 0.006488501427879168 0.024113666292256357 0.05140607086438519 20110508877575.723 
125 0.9130323357543243 0.006817969872524757 0.02537364986995081 0.054776044503200144 20110508877575.695 
126 0.9078546796138007 0.007151365320440875 0.026659956195863452 0.058333998869894904 20110508877575.734 
127 0.9024628891542638 0.0074869785162689755 0.027967191321790926 0.062082941007676334 20110508877575.742 
128 0.8968627636514325 0.00782294962938359 0.029289312150196502 0.06602497456898732 20110508877575.723 
129 0.8910618415001483 0.008157286493145613 0.030619663145389324 0.07016120886131681 20110508877575.71 
130 0.8850694060972759 0.008487887508678389 0.031951030250603 0.07449167614344271 20110508877575.754 
131 0.8788964591949319 0.00881256890599994 0.03327571208969064 0.07901525980937753 20110508877575.688 
132 0.872555660290316 0.009129095845929271 0.03458560785760719 0.08372963600614752 20110508877575.637 
133 0.8660612317403458 0.009435216643814373 0.035872320587060504 0.08863123102877928 20110508877575.72 
134 0.8594288305056454 0.009728699214547764 0.03712727375923631 0.09371519652057056 20110508877575.652 
135 0.852675388675237 0.01000736869100531 0.038341838548467295 0.09897540408529049 20110508877575.668 
136 0.845818926130442 0.010269145066808271 0.03950746839920059 0.10440446040354924 20110508877575.785 
137 0.8388783398021732 0.010512079668256688 0.040615837170883566 0.1099937433586867 20110508877575.73 
138 0.8318731748933944 0.010734389274679406 0.04165897678796573 0.11573345904396053 20110508877575.75 
139 0.824823384121551 0.010934486782148303 0.04262941022336794 0.12161271887293282 20110508877575.72 
140 0.8177490814436266 0.011111007438677722 0.043520275736968296 0.12761963538072757 20110508877575.746 
141 0.810670296837034 0.01126282986151308 0.04432543858393695 0.13374143471751587 20110508877575.73 
142 0.8036067385216974 0.01138909126706267 0.04503958688497642 0.13996458332626344 20110508877575.734 
143 0.7965775685412328 0.011489196587088697 0.045658308982374836 0.14627492588930366 20110508877575.766 
144 0.7896011969114518 0.011562821395341677 0.04617815035265639 0.15265783134055008 20110508877575.766 
145 0.7826950986434927 0.01160990881149471 0.046596648962086935 0.15909834358292566 20110508877575.727 
146 0.7758756569177776 0.011630660770063231 0.046912348786040545 0.16558133352611867 20110508877575.74 
147 0.7691580345881215 0.011625524229567278 0.04712479201936681 0.17209164916294445 20110508877575.734 
148 0.7625560750961664 0.011595173043369449 0.04723449123945969 0.17861426062100447 20110508877575.76 
149 0.7560822328322362 0.011540486313861679 0.04724288341179551 0.18513439744210658 20110508877575.707 
150 0.7497475320373864 0.011462524105026127 0.04715226812423575 0.19163767573335178 20110508877575.74 
151 0.7435615525387399 0.01136250139714732 0.04696573278726766 0.19811021327684497 20110508877575.7 
152 0.7375324399689963 0.011241761136485309 0.04668706773902308 0.20453873115549534 20110508877575.645 
153 0.7316669376513225 0.011101747168853364 0.046320674252565204 0.21091064092725895 20110508877575.65 
154 0.7259704370313225 0.01094397775711253 0.045871468372534044 0.21721411683903086 20110508877575.742 
155 0.7204470433973528 0.01077002027684349 0.045344783328695196 0.22343815299710856 20110508877575.816 
156 0.7150996536310589 0.010581467569730057 0.044746273008543266 0.22957260579066785 20110508877575.793 
157 0.7099300428485821 0.010379916317594653 0.044081818644707796 0.23560822218911545 20110508877575.73 
158 0.7049389570044007 0.010166947687438647 0.04335744050966315 0.24153665479849756 20110508877575.73 
159 0.7001262088086224 0.00994411039387566 0.04257921603250101 0.247350464765001 20110508877575.766 
160 0.6954907746306317 0.00971290623319333 0.04175320537940839 0.2530431137567666 20110508877575.71 
161 0.6910308904059194 0.009474778064889087 0.04088538518655702 0.25860894634263437 20110508877575.824 
162 0.6867441449101384 0.00923110015270107 0.03998159081297486 0.26404316412418577 20110508877575.703 
163 0.6826275691009587 0.008983170727758274 0.039047467199327626 0.26934179297195543 20110508877575.766 
164 0.678677720542281 0.008732206600704145 0.03808842818086563 0.274501644676149 20110508877575.734 
165 0.6748907622105255 0.008479339626152268 0.037109623910224016 0.27952027425309833 20110508877575.72 
166 0.6712625352331877 0.008225614810029471 0.03611591589741537 0.2843959340593676 20110508877575.742 
167 0.6677886253250661 0.007971989846468448 0.03511185906720552 0.28912752576126005 20110508877575.69 
168 0.6644644228664629 0.0077193358741940825 0.03410169016406971 0.2937145510952731 20110508877575.754 
169 0.6612851767125018 0.007468439251140268 0.033089321797231105 0.29815706223912675 20110508877575.777 
170 0.6582460419358883 0.007220004158810083 0.03207834140765164 0.3024556124976501 20110508877575.715 
171 0.6553421217902428 0.00697465586336097 0.03107201445018705 0.3066112078962093 20110508877575.746 
172 0.6525685042411845 0.006732944477423982 0.03007329111249447 0.31062526016889713 20110508877575.785 
173 0.6499202934513927 0.006495349084359174 0.029084815933220383 0.3144995415310279 20110508877575.74 
174 0.6473926366274168 0.006262282104299906 0.02810893973159855 0.31823614153668495 20110508877575.74 
175 0.6449807466433762 0.006034093798404568 0.027147733315452165 0.3218374262427671 20110508877575.742 
176 0.6426799208530544 0.005811076823838895 0.0262030024919673 0.3253059998311394 20110508877575.75 
177 0.6404855564896346 0.005593470766901844 0.025276303963259854 0.3286446687802037 20110508877575.734 
178 0.6383931630340344 0.0053814665952320135 0.02436896174496604 0.3318564086257676 20110508877575.746 
179 0.6363983719101877 0.005175210982121731 0.023482083799602378 0.33494433330808826 20110508877575.76 
180 0.6344969438402446 0.004974810466625828 0.022616578626358543 0.33791166706677117 20110508877575.67 
181 0.6326847741660309 0.004780335422416878 0.021773171594769873 0.3407617188167825 20110508877575.715 
182 0.6309578964158643 0.004591823816292191 0.02095242085105703 0.3434978589167863 20110508877575.69 
183 0.6293124843691121 0.00440928474396849 0.02015473266271997 0.34612349822419936 20110508877575.723 
184 0.6277448528448081 0.004232701736426929 0.019380376099318846 0.348642069319446 20110508877575.793 
185 0.626251457416114 0.004062035834698674 0.01862949697542058 0.3510570097737669 20110508877575.82 
186 0.6248288932292486 0.003897228434729773 0.017902131005718545 0.353371747330303 20110508877575.742 
187 0.6234738930840822 0.003738203906941224 0.01719821614263194 0.3555896868663447 20110508877575.76 
188 0.6221833249140338 0.0035848719974114485 0.016517604083632245 0.3577141990049225 20110508877575.754 
189 0.6209541887849449 0.0034371300193479816 0.015860070949429022 0.359748610246278 20110508877575.777 
190 0.6197836135165771 0.0032948648447724523 0.015225327145375346 0.36169619449327506 20110508877575.758 
191 0.6186688530159116 0.0031579547071975047 0.01461302642730907 0.3635601658495819 20110508877575.715 
192 0.6176072823984711 0.003026270826591417 0.014022774199882732 0.3653436725750547 20110508877575.613 
193 0.6165963939626353 0.00289967886817235 0.013454135080513031 0.3670497920886792 20110508877575.633 
194 0.6156337930717035 0.002778040246598778 0.01290663976569022 0.36868152691600753 20110508877575.695 
195 0.6147171939897594 0.0026612132869730603 0.012379791238745535 0.370241801484522 20110508877575.73 
196 0.6138444157096598 0.0025490542537892694 0.011873070359513049 0.3717334596770379 20110508877575.773 
197 0.6130133778047079 0.002441418258569522 0.011385940876812207 0.37315926305991026 20110508877575.76 
198 0.6122220963299183 0.00233816005646744 0.010917853904492033 0.37452188970912237 20110508877575.742 
199 0.6114686797936592 0.002239134741604445 0.010468251901052111 0.37582393356368415 20110508877575.67 
200 0.61075132521626 0.0021441983503536965 0.010036572191716699 0.37706790424166964 20110508877575.78 
