0 0.9969178057909355 0.0030821942090645863 0.0 0.0 20084301075199.74 
1 0.9967445111638417 0.0013860294330058276 0.0015852735122124028 0.0002841858909400437 20110508877575.715 
2 0.9963251818225252 0.0008833304772458475 0.002120380620025752 0.0006711070802031868 20110508877575.76 
3 0.9958318870659059 0.0007698511493876344 0.0023269083516682656 0.0010713534330381836 20110508877575.74 
4 0.9953424308377774 0.0007552845671286721 0.0024387119923649347 0.0014635726027289108 20110508877575.793 
5 0.9948571858034613 0.0007670299379171806 0.002527433996402399 0.0018483502622191632 20110508877575.78 
6 0.9943635669891322 0.0007879713404633911 0.002617046765304682 0.002231414905099681 20110508877575.7 
7 0.9938497514863823 0.0008144601577905045 0.002716910821495256 0.0026188775343319913 20110508877575.75 
8 0.9933062961075566 0.0008460393541618941 0.002831449147590743 0.003016215390690684 20110508877575.758 
9 0.992725533689892 0.0008829607647021345 0.0029632420291947673 0.003428263516211154 20110508877575.773 
10 0.9921008481574093 0.0009256039386738786 0.0031141393390889576 0.0038594085648279105 20110508877575.69 
11 0.9914261550343939 0.0009743583226807315 0.0032857112113012293 0.004313775431624192 20110508877575.676 
12 0.990695565196518 0.0010296132123669534 0.0034794525820723743 0.004795369009042605 20110508877575.75 
13 0.9899031690939962 0.001091768067523994 0.0036968862396743237 0.00530817659880535 20110508877575.73 
14 0.989042893760564 0.0011612431712100834 0.0039396199345608975 0.005856243133664924 20110508877575.81 
15 0.9881084029371067 0.001238487159519318 0.00420938079528489 0.006443729108089136 20110508877575.72 
16 0.9870930233421176 0.0013239815232602599 0.004508037359997214 0.007074957774625007 20110508877575.7 
17 0.9859896881436774 0.0014182425711151722 0.004837613764363016 0.007754455520844517 20110508877575.785 
18 0.984790893728267 0.0015218210537286815 0.005200297696887247 0.00848698752111695 20110508877575.867 
19 0.9834886692267512 0.0016352992801771638 0.005598441976487685 0.009277589516584013 20110508877575.742 
20 0.9820745607641311 0.0017592852308079105 0.006034558336470077 0.010131595668590954 20110508877575.805 
21 0.9805396344962364 0.0018944029004619909 0.006511300926552668 0.011054661676748994 20110508877575.754 
22 0.9788745043656728 0.0020412779094936473 0.007031436081523555 0.012052781643309916 20110508877575.742 
23 0.9770693921151169 0.0022005173384596474 0.007597794095517842 0.013132296450905714 20110508877575.703 
24 0.9751142281876932 0.0023726828529270394 0.008213198251619085 0.01429989070776074 20110508877575.758 
25 0.9729988022260528 0.002558256606514165 0.008880366494039548 0.015562574673393404 20110508877575.76 
26 0.9707129701714594 0.0027576003049887506 0.00960178236575024 0.016927647157801744 20110508877575.797 
27 0.9682469204046282 0.0029709093615864126 0.010379534798875099 0.01840263543491032 20110508877575.785 
28 0.9655914928507292 0.003198166373680883 0.011215131703675068 0.01999520907191492 20110508877575.727 
29 0.9627385319870507 0.003439101005317588 0.012109300370502276 0.021713066637129387 20110508877575.758 
30 0.9596812385374159 0.003693165964086427 0.01306179772632962 0.02356379777216803 20110508877575.73 
31 0.9564144696491333 0.003959539548222697 0.014071262852343546 0.025554727950300272 20110508877575.715 
32 0.9529349308393309 0.004237162335545179 0.015135148287712294 0.02769275853741169 20110508877575.816 
33 0.9492412123873366 0.004524808113674463 0.016249760567360192 0.029984218931628816 20110508877575.754 
34 0.945333650457004 0.004821178726188899 0.017410422095105484 0.03243474872170174 20110508877575.727 
35 0.9412140325174895 0.005125003313010777 0.01861173943349534 0.035049224736004414 20110508877575.77 
36 0.936885204220639 0.005435118953451827 0.01984793611209731 0.03783174071381182 20110508877575.727 
37 0.9323506577488411 0.005750513802189881 0.021113190690228344 0.04078563775874079 20110508877575.68 
38 0.9276141832791404 0.006070323686649093 0.02240191882446824 0.04391357420974244 20110508877575.746 
39 0.9226796466487996 0.006393785137251764 0.02370895169438556 0.04721761651956311 20110508877575.64 
40 0.9175509239296753 0.006720158297619546 0.02502958793285036 0.0506993298398549 20110508877575.67 
41 0.9122319871397394 0.007048639240983591 0.026359524858886346 0.0543598487603907 20110508877575.758 
42 0.9067271053832802 0.007378281324105445 0.02769469908090185 0.05819991421171249 20110508877575.746 
43 0.9010411099278143 0.007707939874370016 0.029031080090971537 0.06221987010684408 20110508877575.758 
44 0.8951796714589312 0.008036246394652976 0.030364461356694745 0.06641962078972123 20110508877575.75 
45 0.8891495485353161 0.008361610943751535 0.03169028434436794 0.07079855617656455 20110508877575.734 
46 0.8829587813132095 0.00868224666102138 0.03300351712531843 0.07535545490045079 20110508877575.695 
47 0.8766168184369574 0.008996208948680367 0.03429859571621016 0.080088376898152 20110508877575.69 
48 0.8701345749768246 0.00930144265036656 0.03556942607793518 0.08499455629487346 20110508877575.816 
49 0.8635244252539458 0.00959583234878989 0.03680943854797203 0.09007030384929211 20110508877575.78 
50 0.856800137363082 0.009877252660461511 0.03801168377219507 0.09531092620426149 20110508877575.723 
51 0.8499767574177947 0.01014361667575239 0.03916895877307999 0.10071066713337291 20110508877575.688 
52 0.8430704519201814 0.010392921427258216 0.040273952569929494 0.10626267408263079 20110508877575.742 
53 0.8360983167150255 0.010623289611223332 0.04131940201656089 0.1119589916571902 20110508877575.734 
54 0.8290781609376832 0.010833006913635342 0.04229824984411578 0.11779058230456577 20110508877575.72 
55 0.8220282742446382 0.01102055434299475 0.0432037981323109 0.12374737328005614 20110508877575.773 
56 0.8149671853925468 0.0111846350277604 0.044029851555452186 0.1298183280242405 20110508877575.688 
57 0.8079134198594984 0.01132419503391563 0.04477084578841552 0.13599153931817054 20110508877575.758 
58 0.8008852636503475 0.01143843790293971 0.04542195744965307 0.14225434099705975 20110508877575.785 
59 0.7939005396894283 0.011526832792534069 0.045979192928017526 0.14859343459001997 20110508877575.742 
60 0.7869764022955958 0.011589116304719996 0.046439454394205645 0.1549950270054785 20110508877575.734 
61 0.780129154192747 0.011625288289986118 0.046800582225836794 0.16144497529143012 20110508877575.79 
62 0.7733740893825475 0.011635602105372072 0.04706137395604893 0.1679289345560316 20110508877575.812 
63 0.7667253640504995 0.011620549965362695 0.04722158066189865 0.17443250532223903 20110508877575.715 
64 0.7601958965469021 0.011580844147954681 0.047281882413585614 0.18094137689155748 20110508877575.727 
65 0.7537972964311469 0.011517394899116828 0.04724384498552985 0.18744146368420647 20110508877575.72 
66 0.7475398216327512 0.01143128591595849 0.047109860469528954 0.19391903198176125 20110508877575.74 
67 0.7414323619957076 0.011323748284451323 0.046883074721245116 0.200360814998596 20110508877575.723 
68 0.735482446852626 0.011196133706404448 0.0465673047154366 0.2067541147255328 20110508877575.746 
69 0.7296962738277465 0.011049887779270883 0.04616694889221475 0.2130868895007679 20110508877575.656 
70 0.7240787557893568 0.010886523998938738 0.045686893462222364 0.21934782674948217 20110508877575.76 
71 0.7186335827489901 0.010707599047852847 0.04513241742394604 0.22552640077921102 20110508877575.746 
72 0.7133632955182403 0.01051468981613073 0.04450909875476995 0.23161291591085903 20110508877575.78 
73 0.7082693680602408 0.010309372488422834 0.04382272389329711 0.23759853555803934 20110508877575.75 
74 0.7033522956873005 0.010093203919588118 0.043079202257050996 0.24347529813606056 20110508877575.77 
75 0.6986116865333472 0.009867705421979251 0.04228448715805079 0.24923612088662273 20110508877575.75 
76 0.6940463540469585 0.009634348999092174 0.04144450410675264 0.2548747928471967 20110508877575.67 
77 0.6896544085867133 0.009394545986146297 0.04056508714663377 0.26038595828050654 20110508877575.68 
78 0.6854333465385005 0.009149637998385895 0.0396519235476313 0.26576509191548214 20110508877575.785 
79 0.6813801357002768 0.008900890042222763 0.038710506913481255 0.2710084673440191 20110508877575.71 
80 0.6774912959834059 0.008649485611835263 0.03774609852911761 0.2761131198756413 20110508877575.742 
81 0.6737629747543956 0.008396523573123309 0.03676369659040179 0.28107680508207933 20110508877575.76 
82 0.6701910163822111 0.00814301662635008 0.03576801281796004 0.28589795417347874 20110508877575.656 
83 0.6667710257631089 0.007889891136661054 0.0347634558566853 0.2905756272435446 20110508877575.73 
84 0.663498425766742 0.007637988126233312 0.033754120798176045 0.29510946530884846 20110508877575.777 
85 0.6603685086865768 0.0073880652314675084 0.03274378413017875 0.299499641951777 20110508877575.777 
86 0.6573764818861295 0.007140799441946648 0.03173590340982405 0.3037468152620998 20110508877575.73 
87 0.6545175079140918 0.006896790453588595 0.030733620971024413 0.30785208066129516 20110508877575.73 
88 0.6517867394191286 0.006656564485464934 0.029739771006085255 0.31181692508932124 20110508877575.74 
89 0.649179349232785 0.006420578427296851 0.028756889403051007 0.31564318293686716 20110508877575.71 
90 0.6466905560097257 0.006189224202005686 0.027787225769754155 0.31933299401851456 20110508877575.754 
91 0.6443156458219002 0.005962833244398588 0.02683275712978944 0.322888763803912 20110508877575.75 
92 0.6420499900999733 0.005741681012758991 0.025895202831997647 0.3263131260552699 20110508877575.703 
93 0.6398890603038184 0.005525991464558469 0.024976040271445274 0.32960890796017767 20110508877575.81 
94 0.6378284396864792 0.00531594144058586 0.024076521074691003 0.332779097798244 20110508877575.773 
95 0.6358638324947243 0.0051116649134445285 0.023197687454144158 0.33582681513768703 20110508877575.734 
96 0.6339910709249935 0.004913257066615786 0.022340388484748404 0.33875528352364215 20110508877575.73 
97 0.6322061201282426 0.0047207781791648576 0.021505296100529425 0.34156780559206296 20110508877575.703 
98 0.6305050815312421 0.0045342572987674 0.020692920648473424 0.34426774052151715 20110508877575.742 
99 0.6288841947162878 0.004353695692148945 0.019903625872708566 0.34685848371885475 20110508877575.746 
100 0.6273398380764894 0.004179070067373867 0.01913764323308339 0.34934344862305333 20110508877575.723 
101 0.6258685284402874 0.004010335566799593 0.01839508548919407 0.35172605050371897 20110508877575.746 
102 0.6244669198366873 0.0038474285330491495 0.01767595950396683 0.35400969212629657 20110508877575.703 
103 0.6231318015522425 0.003690269053144361 0.016980178240338043 0.35619775115427516 20110508877575.742 
104 0.6218600956119864 0.003538763288100253 0.016307571940754946 0.3582935691591584 20110508877575.76 
105 0.6206488537994453 0.0033928055968894576 0.01565789849246744 0.36030044211119777 20110508877575.652 
106 0.6194952543153124 0.003252280464834497 0.015030852992244895 0.36222161222760824 20110508877575.75 
107 0.6183965981606039 0.003117064247252656 0.014426076532552427 0.36406026105959105 20110508877575.79 
108 0.6173503053177171 0.002987026739623166 0.013843164237652061 0.36581950370500776 20110508877575.74 
109 0.6163539107917846 0.0028620325857383884 0.013281672582871476 0.36750238403960567 20110508877575.74 
110 0.6154050605652205 0.00274194253528102 0.012741126033619278 0.3691118708658792 20110508877575.74 
111 0.6145015075096693 0.0026266145620871682 0.012221023042886029 0.3706508548853576 20110508877575.71 
112 0.6136411072923441 0.002515904854047058 0.011720841447144793 0.37212214640646407 20110508877575.74 
113 0.6128218143071924 0.0024096686851912343 0.01124004330093696 0.37352847370667935 20110508877575.707 
114 0.6120416776557887 0.002307761180036221 0.010778079190152558 0.3748724819740225 20110508877575.75 
115 0.6112988371980121 0.0022100379797451316 0.010334392063234431 0.37615673275900835 20110508877575.73 
116 0.6105915196885232 0.0021163558191080573 0.009908420618354827 0.3773837038740139 20110508877575.742 
117 0.609918035011412 0.0020265730227830687 0.009499602283138594 0.37855578968266623 20110508877575.71 
118 0.609276772522505 0.0019405499286715832 0.00910737582182447 0.3796753017269989 20110508877575.734 
119 0.6086661975061766 0.001858149245738803 0.008731183602920632 0.380744469645164 20110508877575.746 
120 0.6080848477514893 0.001779236353042277 0.008370473558492941 0.3817654423369754 20110508877575.76 
121 0.6075313302505871 0.001703679546199528 0.008024700864265039 0.3827402893389484 20110508877575.773 
122 0.6070043180208727 0.0016313502370179013 0.0076933293677414315 0.383671002374368 20110508877575.71 
123 0.6065025470512135 0.0015621231115251226 0.007375832789624786 0.3845594970476366 20110508877575.816 
124 0.6060248133714524 0.0014958762511823164 0.007071695721906035 0.38540761465545903 20110508877575.72 
125 0.6055699702436823 0.001432491221630376 0.006780414444171481 0.3862171240905158 20110508877575.727 
126 0.605136925473102 0.0013718531329197632 0.006501497577926104 0.38698972381605223 20110508877575.727 
127 0.6047246388357292 0.0013138506747984876 0.00623446659705802 0.38772704389241414 20110508877575.76 
128 0.6043321196198989 0.0012583761302863048 0.00597885621099781 0.38843064803881694 20110508877575.76 
129 0.603958424278178 0.001205325370442684 0.005734214635644696 0.38910203571573454 20110508877575.746 
130 0.6036026541860552 0.0011545978329403593 0.005500103765744772 0.3897426442152596 20110508877575.727 
131 0.6032639535037185 0.0011060964867853457 0.005276099261118301 0.3903538507483777 20110508877575.746 
132 0.6029415071371012 0.0010597277852759889 0.0050617905579336195 0.39093697451968923 20110508877575.81 
133 0.6026345387942614 0.0010154016090671667 0.004856780815119787 0.3914932787815515 20110508877575.71 
134 0.6023423091333708 0.0009730312009989038 0.0046606868049890076 0.3920239728606414 20110508877575.734 
135 0.6020641139983666 0.0009325330941616368 0.004473138756204555 0.39253021415126715 20110508877575.746 
136 0.6017992827385766 0.0008938270344999764 0.004293780156369471 0.39301311007055384 20110508877575.75 
137 0.6015471766086107 0.0008568358991031956 0.004122267520727983 0.3934737199715582 20110508877575.746 
138 0.601307187244881 0.0008214856111917783 0.003958270132757563 0.3939130570111697 20110508877575.74 
139 0.6010787352153308 0.000787705052684423 0.0038014697617771197 0.39433208997020747 20110508877575.746 
140 0.6008612686389485 0.0007554259751174634 0.003651560362110152 0.3947317450238239 20110508877575.75 
141 0.6006542618717772 0.0007245829095878515 0.003508247757805119 0.3951129074608298 20110508877575.703 
142 0.6004572142563321 0.0006951130763005363 0.0033712493164348265 0.39547642335093247 20110508877575.758 
143 0.6002696489313726 0.0006669562942206428 0.0032402936150612398 0.3958231011593455 20110508877575.727 
144 0.600091111699136 0.0006400548912585706 0.0031151201010608137 0.39615371330854454 20110508877575.76 
145 0.5999211699472637 0.0006143536153526125 0.002995478750154927 0.3964689976872286 20110508877575.75 
146 0.599759411622774 0.0005897995467564985 0.0028811297236745292 0.3967696591067949 20110508877575.73 
147 0.599605444255509 0.0005663420117892554 0.0027718430268076763 0.3970563707058939 20110508877575.8 
148 0.5994588940287141 0.0005439324982600701 0.0026673981693264796 0.3973297753036994 20110508877575.734 
149 0.5993194048943382 0.0005225245727418373 0.002567583830067068 0.39759048670285285 20110508877575.793 
150 0.5991866377309673 0.0005020737998325019 0.002472197526237294 0.39783909094296305 20110508877575.754 
151 0.5990602695422068 0.00048253766351303646 0.0023810452884502342 0.39807614750582987 20110508877575.64 
152 0.5989399926935822 0.00046387549068459917 0.002293941342226128 0.39830219047350707 20110508877575.746 
153 0.5988255141860442 0.0004460483769443631 0.002210707796567584 0.39851772964044374 20110508877575.76 
154 0.5987165549642413 0.0004290191146393266 0.002131174340091438 0.39872325158102795 20110508877575.746 
155 0.598612849257933 0.00041275212322045685 0.002055177945094858 0.39891922067375174 20110508877575.71 
156 0.5985141439548172 0.00039721338190437455 0.0019825625798396075 0.3991060800834388 20110508877575.74 
157 0.5984201980032964 0.0003823703646371878 0.0019131789292577497 0.3992842527028087 20110508877575.742 
158 0.5983307818436667 0.0003681919773441111 0.001846884124210856 0.39945414205477814 20110508877575.77 
159 0.5982456768663875 0.0003546484974395162 0.0017835414793741604 0.39961613315679884 20110508877575.758 
160 0.5981646748960275 0.0003417115155641426 0.0017230202397638468 0.3997705933486444 20110508877575.74 
161 0.5980875776997292 0.0003293538795099932 0.0016651953358811237 0.39991787308487975 20110508877575.707 
162 0.5980141965188738 0.00031754964028808045 0.0016099471474075749 0.40005830669343057 20110508877575.67 
163 0.5979443516229369 0.0003062740002899861 0.001557161275353614 0.4001922131014196 20110508877575.78 
164 0.5978778718843633 0.00029550326349085464 0.0015067283225350244 0.4003198965296109 20110508877575.793 
165 0.5978145943734764 0.0002852147876387591 0.0014585436822287876 0.4004416471566559 20110508877575.758 
166 0.5977543639724429 0.0002753869383736036 0.0014125073348413703 0.40055774175434217 20110508877575.746 
167 0.5976970330073815 0.00026599904521720184 0.0013685236524068434 0.40066844429499443 20110508877575.73 
168 0.5976424608976986 0.00025703135937546505 0.0013265012107205403 0.4007740065322053 20110508877575.76 
169 0.5975905138218762 0.0002484650132931294 0.0012863526089038394 0.4008746685559268 20110508877575.742 
170 0.5975410643988677 0.00024028198190142704 0.0012479942961895183 0.4009706593230413 20110508877575.76 
171 0.5974939913843812 0.00023246504549942202 0.0012113464057114227 0.4010621971644078 20110508877575.727 
172 0.5974491793813497 0.00022499775421013825 0.0011763325950793367 0.40114949026936064 20110508877575.734 
173 0.5974065185638362 0.0002178643939535209 0.0011428798935183809 0.4012327371486919 20110508877575.715 
174 0.5973659044138471 0.00021104995387907863 0.0011109185553517104 0.4013121270769222 20110508877575.715 
175 0.5973272374703285 0.00020454009520225753 0.0010803819196065186 0.4013878405148628 20110508877575.754 
176 0.5972904230898559 0.000198321121389725 0.0010512062755247023 0.4014600495132296 20110508877575.812 
177 0.5972553712183877 0.0001923799496401513 0.001023330733762627 0.40152891809820945 20110508877575.69 
178 0.5972219961736238 0.00018670408360842335 0.000996697103067422 0.4015946026397004 20110508877575.758 
179 0.5971902164374474 0.00018128158732271904 0.0009712497722215295 0.40165725220300824 20110508877575.69 
180 0.5971599544579388 0.00017610106024535695 0.0009469355970510766 0.40171700888476486 20110508877575.777 
181 0.5971311364605772 0.0001711516134298992 0.0009237037922989841 0.40177400813369374 20110508877575.754 
182 0.5971036922681908 0.00016642284672850445 0.000901505828168303 0.4018283790569124 20110508877575.754 
183 0.5970775551291647 0.00016190482700513095 0.0008802953313470522 0.40188024471248296 20110508877575.727 
184 0.5970526615536709 0.0001575880673117123 0.0008600279903307988 0.4019297223886865 20110508877575.71 
185 0.5970289511574043 0.00015346350698600394 0.000840661464865354 0.40197692387074446 20110508877575.746 
186 0.5970063665125851 0.0001495224926313194 0.0008221552993372735 0.4020219556954463 20110508877575.734 
187 0.5969848530058218 0.00014575675993988246 0.0008044708399457998 0.4020649193942925 20110508877575.742 
188 0.5969643587025809 0.0001421584163230174 0.0007875711554955643 0.40210591172560056 20110508877575.727 
189 0.5969448342179113 0.0001387199243128558 0.0007714209616550994 0.40214502489612075 20110508877575.71 
190 0.5969262325931736 0.00013543408570162858 0.000755986548531944 0.4021823467725929 20110508877575.684 
191 0.5969085091784669 0.00013229402638605388 0.0007412357114206658 0.40221796108372626 20110508877575.67 
192 0.5968916215205453 0.00012929318188560935 0.0007271376845857348 0.40225194761298333 20110508877575.668 
193 0.5968755292559402 0.00012642528350484153 0.0007136630779465962 0.40228438238260805 20110508877575.754 
194 0.5968601940090316 0.00012368434511110461 0.0007007838165375843 0.4023153378293198 20110508877575.71 
195 0.5968455792949252 0.0001210646505003363 0.0006884730826205083 0.4023448829719538 20110508877575.73 
196 0.5968316504268201 0.00011856074132469472 0.0006767052603329476 0.4023730835715223 20110508877575.727 
197 0.5968183744277666 0.00011616740555699276 0.0006654558827599577 0.40240000228391626 20110508877575.746 
198 0.5968057199465144 0.00011387966646796935 0.0006547015813219319 0.4024256988056957 20110508877575.684 
199 0.5967936571773652 0.00011169277209349892 0.0006444200373757815 0.40245023001316543 20110508877575.727 
200 0.5967821577837904 0.00010960218516987413 0.0006345899359312801 0.40247365009510855 20110508877575.656 
