0 0.9999873705091066 1.2629490893285408e-05 0.0 0.0 20110500240339.74 
1 0.9999929205913118 2.831763475308862e-06 3.6670318385294624e-06 5.806133744338316e-07 20110508877575.74 
2 0.9999954685767783 9.488075728638848e-07 2.837169245832168e-06 7.454464029646376e-07 20110508877575.727 
3 0.9999968862174001 5.08845140368187e-07 1.9155107976386364e-06 6.894266617682829e-07 20110508877575.773 
4 0.9999978093493993 3.318785160283207e-07 1.2892857225046865e-06 5.694863623095176e-07 20110508877575.723 
5 0.999998428180019 2.3110809558602658e-07 8.880199561096645e-07 4.5269192930210544e-07 20110508877575.746 
6 0.9999988415835307 1.6703546599563512e-07 6.31318837309964e-07 3.6006216612188416e-07 20110508877575.74 
7 0.9999991144285111 1.2532342183259692e-07 4.662484784013665e-07 2.939995886613191e-07 20110508877575.69 
8 0.9999992910908195 9.818894605918952e-08 3.599818178431579e-07 2.50738416612755e-07 20110508877575.734 
9 0.9999994018315462 8.076338477031391e-08 2.9207151349738296e-07 2.2533355562702847e-07 20110508877575.734 
10 0.9999994671024777 6.989067248225674e-08 2.496064101119833e-07 2.1340043972483026e-07 20110508877575.71 
11 0.9999995006147023 6.350655078501901e-08 2.2433438399288195e-07 2.1154436297768476e-07 20110508877575.727 
12 0.9999995114943929 6.02574882766391e-08 2.109344361379591e-07 2.173136826707852e-07 20110508877575.742 
13 0.9999995057687963 5.92561130154946e-08 2.0595768973522744e-07 2.290174010538972e-07 20110508877575.73 
14 0.9999994873757843 5.992251269082185e-08 2.07166499341412e-07 2.455352037834004e-07 20110508877575.793 
15 0.9999994588426796 6.188088498342385e-08 2.1311619868448626e-07 2.661602368983966e-07 20110508877575.67 
16 0.999999421739251 6.489211878469738e-08 2.2288770308742546e-07 2.9048092711496267e-07 20110508877575.785 
17 0.9999993769781292 6.880978519200034e-08 2.3591539322178457e-07 3.182966922548769e-07 20110508877575.727 
18 0.9999993250127609 7.355143386679144e-08 2.5187594600565555e-07 3.49559859204414e-07 20110508877575.734 
19 0.9999992659667262 7.907994053848e-08 2.706165778577886e-07 3.8433675528302197e-07 20110508877575.66 
20 0.9999991997170147 8.539149698326406e-08 2.9210904938730743e-07 4.22782438838798e-07 20110508877575.72 
21 0.9999991259462218 9.25080332074367e-08 3.164207213939e-07 4.6512502361033677e-07 20110508877575.68 
22 0.9999990441734965 1.004726424207933e-07 3.43697092083477e-07 5.116567689218678e-07 20110508877575.73 
23 0.9999989537706179 1.0934709068922544e-07 3.741522658387245e-07 5.627300253883913e-07 20110508877575.742 
24 0.999998853967258 1.1921083055671821e-07 4.080651207632337e-07 6.187567908495272e-07 20110508877575.72 
25 0.9999987438479158 1.3016116344928055e-07 4.4577981464995625e-07 6.802111060058834e-07 20110508877575.71 
26 0.9999986223419296 1.4231434972374906e-07 4.87709861078088e-07 7.476338595892733e-07 20110508877575.76 
27 0.999998488207178 1.558075743263417e-07 5.343454245774416e-07 8.216398231009117e-07 20110508877575.695 
28 0.9999983400075183 1.708017578117277e-07 5.862637954066844e-07 9.029269284457086e-07 20110508877575.688 
29 0.9999981760835114 1.8748526892607105e-07 6.441432570177315e-07 9.922879627939265e-07 20110508877575.73 
30 0.999997994515558 2.060786545279492e-07 7.087807853133699e-07 1.0906250022188418e-06 20110508877575.77 
31 0.9999977930781421 2.2684056163326058e-07 7.811142426094053e-07 1.1989670536362968e-06 20110508877575.74 
32 0.9999975691834039 2.50075089970868e-07 8.622499704690466e-07 1.3184915356116184e-06 20110508877575.742 
33 0.9999973198117377 2.7614088626372484e-07 9.534969620023962e-07 1.450550414118837e-06 20110508877575.727 
34 0.9999970414264675 3.0546237813516923e-07 1.0564091235067035e-06 1.5967020309781615e-06 20110508877575.74 
35 0.999996729868879 3.3854365110538754e-07 1.1728375366931652e-06 1.7587499332827694e-06 20110508877575.793 
36 0.9999963802289227 3.7598560236450337e-07 1.3049951283740772e-06 1.9387903465753788e-06 20110508877575.703 
37 0.9999959866857115 4.185071667640152e-07 1.4555367708727222e-06 2.139270350796601e-06 20110508877575.66 
38 0.9999955423104441 4.669716121001281e-07 1.627658605865469e-06 2.3630593381101977e-06 20110508877575.82 
39 0.9999950388225181 5.224191524722356e-07 1.8252213466100167e-06 2.613536982862827e-06 20110508877575.71 
40 0.9999944662872696 5.861074427794845e-07 2.052903517590271e-06 2.8947017700433633e-06 20110508877575.73 
41 0.9999938127408416 6.595619095073411e-07 2.3163920969615582e-06 3.2113051518358926e-06 20110508877575.75 
42 0.9999930637240442 7.446383613064074e-07 2.6226199099887905e-06 3.5690176846026714e-06 20110508877575.785 
43 0.9999922017024933 8.436009295453085e-07 2.980061471325008e-06 3.974635105786121e-06 20110508877575.76 
44 0.9999912053446389 9.592191399421875e-07 3.3991018994097365e-06 4.436334321714826e-06 20110508877575.67 
45 0.9999900486222112 1.0948888411555436e-06 3.892497156734527e-06 4.963991790891557e-06 20110508877575.816 
46 0.9999886996888762 1.2547828472539313e-06 4.475948355124452e-06 5.5695799213090284e-06 20110508877575.777 
47 0.9999871194821095 1.444038521256529e-06 5.168818373447416e-06 6.2676609957221585e-06 20110508877575.746 
48 0.9999852599801302 1.6689911654049303e-06 5.995025744163689e-06 7.076002960315139e-06 20110508877575.723 
49 0.9999830620298019 1.937464006949419e-06 6.984158844931538e-06 8.016347346253813e-06 20110508877575.707 
50 0.9999804526423836 2.259127765071084e-06 8.172863010272595e-06 9.115366841139717e-06 20110508877575.78 
51 0.9999773416317399 2.645945191606761e-06 9.606564281250043e-06 1.0405858787094699e-05 20110508877575.754 
52 0.9999736174442877 3.1127184382604593e-06 1.1341605956009867e-05 1.1928231317977393e-05 20110508877575.74 
53 0.9999691420023411 3.6777592995351508e-06 1.3447887329141143e-05 1.3732351030183301e-05 20110508877575.67 
54 0.999963744354581 4.3637037369760134e-06 1.601210679678305e-05 1.5879834885291816e-05 20110508877575.746 
55 0.9999572129028358 5.198491618659489e-06 1.914172156070246e-05 1.844688398478866e-05 20110508877575.746 
56 0.9999492859599969 6.216528694083563e-06 2.2969739475939202e-05 2.1527771833259912e-05 20110508877575.777 
57 0.9999396404009439 7.460037940369806e-06 2.766044851957709e-05 2.523911259618111e-05 20110508877575.76 
58 0.9999278782148315 8.980587771675195e-06 3.341615544902386e-05 2.9725041947694735e-05 20110508877575.664 
59 0.999913510880168 1.0840749813838195e-05 4.048493172297482e-05 3.516343829533331e-05 20110508877575.75 
60 0.9998959417028661 1.3115781888372182e-05 4.916922925321731e-05 4.177328599222435e-05 20110508877575.71 
61 0.9998744466338296 1.589514412117195e-05 5.98350013463153e-05 4.9823220702723506e-05 20110508877575.79 
62 0.9998481546787932 1.9283529790419673e-05 7.292061011687782e-05 5.9641181299472424e-05 20110508877575.793 
63 0.9998160298897472 2.3400924510252512e-05 8.894428707575704e-05 7.162489866667973e-05 20110508877575.652 
64 0.9997768581160086 2.838100735275729e-05 0.00010850822279012085 8.625265384859128e-05 20110508877575.67 
65 0.9997292431457355 3.436701102844806e-05 0.0001322965270215851 0.00010409331621450351 20110508877575.75 
66 0.9996716183808076 4.150404239561497e-05 0.00016106344943581097 0.00012581412736073993 20110508877575.707 
67 0.9996022813112195 4.992695928585095e-05 0.00019560765721844887 0.0001521840722761834 20110508877575.69 
68 0.9995194580500407 5.974337703037231e-05 0.00023672848275066907 0.00018407009017812882 20110508877575.797 
69 0.9994214031101207 7.101239581217506e-05 0.00028516146691901027 0.0002224230271480279 20110508877575.78 
70 0.9993065346131208 8.372122444799962e-05 0.00034149375915961566 0.0002682504032716626 20110508877575.73 
71 0.9991735970554384 9.776377581641786e-05 0.0004060651157438929 0.0003225740530013343 20110508877575.703 
72 0.9990218337134915 0.000112926917927212 0.000478866687965105 0.00038637268061622116 20110508877575.785 
73 0.9988511413211721 0.0001288905423656534 0.000559455864464013 0.00046051227199817897 20110508877575.723 
74 0.9986621743254638 0.00014524621657827907 0.0006469087848288641 0.0005456706731290898 20110508877575.68 
75 0.9984563682412968 0.00016153564080632066 0.0007398304364402553 0.0006422656814565133 20110508877575.67 
76 0.998235863481529 0.00017730483520646818 0.0008364340047359584 0.0007503976785285713 20110508877575.82 
77 0.99800333198177 0.00019216415965389385 0.0009346866572910001 0.0008698172012849809 20110508877575.76 
78 0.9977617342203465 0.0002058401096214238 0.0010325012389371497 0.0009999244310948886 20110508877575.754 
79 0.997514054571902 0.0002182050577442 0.0011279385146450278 0.0011398018557087876 20110508877575.707 
80 0.997263068152902 0.00022927720075491164 0.0012193797250281797 0.0012882749213149836 20110508877575.79 
81 0.9970111784537028 0.0002391930456674788 0.0013056380027415986 0.0014439904978881463 20110508877575.766 
82 0.9967603387864895 0.00024816380339386345 0.0013859963528392097 0.0016055010572774 20110508877575.73 
83 0.996512045374641 0.0002564302956087755 0.0014601805071568033 0.0017713438225932857 20110508877575.73 
84 0.9962673766063112 0.0002642275341737169 0.0015282882399473114 0.001940107619567778 20110508877575.766 
85 0.9960270534593059 0.00027176321642808954 0.0015906992758832077 0.0021104840483827454 20110508877575.773 
86 0.9957915046855587 0.00027920832777097147 0.0016479843627373724 0.0022813026239329455 20110508877575.688 
87 0.9955609296432567 0.00028669529645221635 0.0017008237841645156 0.002451551276126652 20110508877575.816 
88 0.9953353572564074 0.00029431952678151145 0.0017499389065064625 0.0026203843103044713 20110508877575.707 
89 0.9951147008917322 0.0003021420412972255 0.001796036963145701 0.002787120103824862 20110508877575.812 
90 0.9948988076737775 0.0003101928255809133 0.0018397686346114802 0.002951230866030138 20110508877575.727 
91 0.9946874990300069 0.0003184754761085562 0.0018816986043897225 0.003112326889494902 20110508877575.715 
92 0.994480598556887 0.0003269738032568652 0.0019222898000918703 0.0032701378397642124 20110508877575.742 
93 0.9942779442034481 0.0003356604445989211 0.0019619017170986186 0.0034244936348542354 20110508877575.777 
94 0.9940793840496415 0.00034450673626061363 0.002000801989152278 0.0035753072249455208 20110508877575.637 
95 0.9938847578377382 0.0003534924713150865 0.002039188644279901 0.0037225610466669456 20110508877575.703 
96 0.9936938689345836 0.0003626139955849657 0.002077218917942404 0.0038662981518890658 20110508877575.73 
97 0.9935064527881139 0.00037188940133056614 0.002115039669145003 0.004006618141410513 20110508877575.746 
98 0.9933221478711761 0.00038136023789084344 0.0021528146448123193 0.004143677246120585 20110508877575.746 
99 0.9931404737595901 0.0003910899192181854 0.002190744979487473 0.004277691341704042 20110508877575.652 
100 0.9929608189008359 0.0004011596308525817 0.002229081031419421 0.004408940436892173 20110508877575.715 
101 0.9927824384273293 0.00041166287531400897 0.0022681254614784303 0.004537773235878316 20110508877575.645 
102 0.992604460565008 0.0004226998196391904 0.002308228943153478 0.004664610672199356 20110508877575.75 
103 0.9924258990576625 0.00043437239345108983 0.002349780809958174 0.004789947738928133 20110508877575.727 
104 0.992245668606759 0.0004467807460354551 0.00239319725525498 0.004914353391950543 20110508877575.81 
105 0.9920626004884759 0.000460021315532885 0.002438909500405483 0.005038468695585817 20110508877575.727 
106 0.9918754560561421 0.00047418646637346017 0.00248735381514609 0.00516300366233834 20110508877575.8 
107 0.9916829365694283 0.0004893654456740294 0.002538964591439734 0.0052887333934579315 20110508877575.73 
108 0.9914836885524425 0.0005056462977175475 0.0025941709876995487 0.005416494162140399 20110508877575.75 
109 0.9912763045611909 0.0005231183431933603 0.0026533970748498902 0.005547180020765745 20110508877575.69 
110 0.9910593197708694 0.0005418748563190287 0.002717064983613126 0.00568174038919859 20110508877575.83 
111 0.9908312051446786 0.000562015638458932 0.0027856002914824285 0.005821178925380034 20110508877575.797 
112 0.99059035811556 0.0005836492739606193 0.0028594387895361497 0.0059665538209433934 20110508877575.73 
113 0.9903350917194262 0.0006068949476375961 0.0029390338073472027 0.0061189795255888494 20110508877575.75 
114 0.9900636229985533 0.0006318837909677958 0.0030248634117654577 0.00627962979871347 20110508877575.734 
115 0.9897740612918826 0.0006587597957911653 0.003117436990750846 0.006449741921575494 20110508877575.72 
116 0.9894643967925923 0.0006876803838132567 0.003217300946394578 0.0066306218771999305 20110508877575.742 
117 0.9891324895248089 0.0007188167453990859 0.003325043417776609 0.006823650312015325 20110508877575.742 
118 0.9887760587027687 0.0007523540637209064 0.0034412981102445754 0.007030289123265785 20110508877575.734 
119 0.9883926723058754 0.0007884917249940523 0.0035667474102723095 0.007252088558858348 20110508877575.78 
120 0.9879797366378802 0.0008274435885153373 0.003702125012127706 0.007490694761476831 20110508877575.78 
121 0.9875344856333208 0.0008694383578422496 0.003848218280341297 0.007747857728495726 20110508877575.727 
122 0.9870539697180122 0.0009147200620982304 0.004005870531832744 0.008025439688056779 20110508877575.79 
123 0.986535044108119 0.0009635486279201026 0.004175983357054219 0.008325423906906831 20110508877575.79 
124 0.9859743565291104 0.00101620050020734 0.004359519023811026 0.008649923946871226 20110508877575.74 
125 0.9853683344384535 0.001072969254381384 0.004557502931608979 0.00900119337555607 20110508877575.73 
126 0.9847131719338674 0.001134166134001624 0.004771026016598851 0.009381635915532116 20110508877575.746 
127 0.9840048166155644 0.0012001204442408063 0.005001246952373117 0.009793815987821598 20110508877575.78 
128 0.9832389567427614 0.0012711797323898737 0.005249393951952816 0.010240469572895886 20110508877575.734 
129 0.9824110090817197 0.001347709689568331 0.005516765950696452 0.010724515278015606 20110508877575.74 
130 0.9815161078869249 0.0014300937115693233 0.005804732936148704 0.011249065465357307 20110508877575.746 
131 0.9805490954926156 0.0015187320599560246 0.006114735185542124 0.0118174372618863 20110508877575.766 
132 0.979504515023136 0.0016140405662647085 0.006448281171010008 0.012433163239589175 20110508877575.633 
133 0.9783766057616293 0.0017164488220918945 0.0068069438932095196 0.01310000152306929 20110508877575.715 
134 0.977159301750339 0.0018263977960967148 0.007192355403614805 0.013821945049949347 20110508877575.75 
135 0.9758462342335656 0.0019443368161386923 0.007606199273099961 0.014603229677195713 20110508877575.797 
136 0.9744307385955132 0.0020707198518346804 0.008050200759873763 0.015448340792778226 20110508877575.82 
137 0.9729058664874787 0.0022060010309040493 0.008526114424900177 0.016362018056717102 20110508877575.727 
138 0.9712644038779148 0.0023506293230037517 0.009035708940244412 0.017349257858836963 20110508877575.723 
139 0.9694988957894596 0.0025050423285464946 0.009580748838692222 0.018415313043301684 20110508877575.727 
140 0.9676016785025838 0.0026696591183708682 0.010162972965280497 0.019565689413764836 20110508877575.7 
141 0.9655649199989893 0.0028448720840955326 0.010784069417017756 0.02080613849989746 20110508877575.72 
142 0.9633806693818011 0.0030310377793889734 0.011445646799917938 0.022142646038891968 20110508877575.74 
143 0.9610409159365032 0.0032284667598781558 0.012149201696058556 0.02358141560756011 20110508877575.707 
144 0.9585376583792422 0.0034374124644366865 0.012896082320742127 0.02512884683557904 20110508877575.836 
145 0.9558629846712338 0.0036580592232538984 0.01368744846320492 0.026791507642307307 20110508877575.754 
146 0.9530091625542942 0.003890509528128671 0.014524227944947886 0.028576099972629193 20110508877575.746 
147 0.9499687406797526 0.0041347707570894825 0.015407069997483808 0.030489418565673918 20110508877575.78 
148 0.9467346598604272 0.004390741607344345 0.01633629615431609 0.03253830237791244 20110508877575.734 
149 0.9433003735755775 0.004658198555629296 0.017311849466367792 0.03472957840242547 20110508877575.758 
150 0.9396599764085277 0.004936782730388677 0.0183332430795927 0.037069997781491074 20110508877575.703 
151 0.9358083386074934 0.00522598764222597 0.01939950944915599 0.039566164301124654 20110508877575.746 
152 0.9317412444488372 0.005525148273294973 0.02050915169467602 0.042224455583191975 20110508877575.727 
153 0.9274555315707226 0.005833432067753741 0.02166009881119979 0.04505093755032386 20110508877575.707 
154 0.9229492279612524 0.006149832388727786 0.02284966662426233 0.048051273025757346 20110508877575.777 
155 0.9182216828602764 0.006473165007102379 0.024074526496454706 0.05123062563616644 20110508877575.73 
156 0.9132736875024775 0.006802068159072794 0.025330683838910545 0.05459356049953918 20110508877575.746 
157 0.908107581426065 0.007135006648965344 0.026613468436657555 0.05814394348831211 20110508877575.746 
158 0.9027273400293677 0.0074702803792771845 0.02791753844720825 0.06188484114414683 20110508877575.72 
159 0.897138639204428 0.007806037561237665 0.029236899667244305 0.06581842356708986 20110508877575.625 
160 0.891348893231664 0.008140292699149404 0.030564941279345774 0.0699458727898408 20110508877575.727 
161 0.8853672626902375 0.008470949255894132 0.031894488794190295 0.07426729925967819 20110508877575.754 
162 0.8792046299187545 0.00879582670369238 0.033217874307317936 0.07878166907023527 20110508877575.758 
163 0.8728735405280857 0.009112691454450839 0.03452702351681506 0.08348674450064829 20110508877575.715 
164 0.8663881105850203 0.00941929096061992 0.035813558231217305 0.0883790402231424 20110508877575.74 
165 0.8597639002999454 0.009713390094186996 0.037068912374977746 0.09345379723088984 20110508877575.734 
166 0.8530177563006638 0.00999280876173057 0.03828445881593422 0.09870497612167142 20110508877575.73 
167 0.8461676257873638 0.010255459609362305 0.03945164374058729 0.10412527086268673 20110508877575.74 
168 0.8392323469690188 0.01049938462213371 0.04056212483116865 0.10970614357767879 20110508877575.785 
169 0.8322314211117939 0.010722789433585173 0.041607909189529405 0.1154378802650916 20110508877575.812 
170 0.8251847722282608 0.010924074233659126 0.04258148683269807 0.12130966670538199 20110508877575.766 
171 0.8181125008605702 0.01110186029360291 0.04347595566677772 0.12730968317904914 20110508877575.8 
172 0.8110346385382958 0.011255011306770845 0.04428513412853045 0.13342521602640275 20110508877575.746 
173 0.8039709093198271 0.011382648962749018 0.04500365815204323 0.1396427835653807 20110508877575.734 
174 0.7969405043731429 0.011484162414655013 0.045627059742703195 0.14594827346949885 20110508877575.633 
175 0.789961874853643 0.011559211550263557 0.04615182518301772 0.15232708841307563 20110508877575.664 
176 0.7830525474441842 0.011607724221282104 0.04657543170853336 0.1587642966260004 20110508877575.773 
177 0.7762289658961367 0.011629887807595142 0.04689636232775871 0.1652447839685094 20110508877575.73 
178 0.7695063608145349 0.011626135683037594 0.04711409926960459 0.17175340423282281 20110508877575.742 
179 0.762898648829059 0.011597129297902279 0.047229097281969785 0.178275124591069 20110508877575.742 
180 0.756418361243509 0.011543736696208064 0.047242738640286636 0.18479516341999622 20110508877575.8 
181 0.7500766013077222 0.011467008341622226 0.047157272229545084 0.19129911812111047 20110508877575.773 
182 0.7438830284444732 0.011368151136956425 0.04697573942264964 0.1977730809959209 20110508877575.74 
183 0.7378458671129822 0.01124850149313411 0.046701889688017056 0.20420374170586647 20110508877575.727 
184 0.7319719375112304 0.011109498241174172 0.04634008892560471 0.21057847532199075 20110508877575.73 
185 0.7262667050104231 0.010952656092883198 0.045895223466842654 0.21688541542985101 20110508877575.727 
186 0.7207343450660886 0.010779540250814129 0.04537260249974183 0.22311351218335548 20110508877575.79 
187 0.7153778203436161 0.010591742653554908 0.04477786141909717 0.22925257558373172 20110508877575.73 
188 0.7101989669088281 0.010390860225677983 0.04411686827782968 0.2352933045876643 20110508877575.812 
189 0.7051985865411962 0.010178475388698377 0.04339563515361742 0.241227302916488 20110508877575.71 
190 0.7003765425032438 0.009956138984802026 0.0426202358672851 0.24704708264466907 20110508877575.71 
191 0.6957318564199508 0.009725355672225712 0.041796731115513824 0.2527460567923096 20110508877575.754 
192 0.6912628042652554 0.009487571771970208 0.04093110172589107 0.2583185222368832 20110508877575.73 
193 0.6869670098004016 0.009244165480888059 0.04002919041906206 0.2637596342996482 20110508877575.754 
194 0.6828415341461206 0.008996439316021886 0.03909665217872565 0.26906537435913186 20110508877575.727 
195 0.6788829604863917 0.008745614618573143 0.03813891308991473 0.2742325118051204 20110508877575.734 
196 0.6750874731882133 0.008492827921769528 0.03716113731092882 0.27925856157908835 20110508877575.793 
197 0.6714509308745783 0.008239128973555757 0.036168201693467364 0.28414173845839846 20110508877575.684 
198 0.6679689332047518 0.007985480200709745 0.035164677456156666 0.2888809091383818 20110508877575.766 
199 0.6646368812970652 0.007732757403932547 0.03415481824470986 0.2934755430542923 20110508877575.727 
200 0.6614500318760321 0.007481751481993162 0.033142553872563395 0.2979256627694113 20110508877575.74 
