0 0.9995885717885261 0.00041142821147382844 0.0 0.0 20106794839047.74 
1 0.9996737302833374 0.00013867213293174507 0.00015916480827355222 2.8432775457228302e-05 20110508877575.734 
2 0.9996858790895752 7.651177268942622e-05 0.00017963561169363694 5.797352604196885e-05 20110508877575.777 
3 0.9996739516474534 6.172010543011888e-05 0.00017867410711199248 8.565414000457498e-05 20110508877575.77 
4 0.9996560330213583 5.708927817450557e-05 0.0001751525547544624 0.00011172514571269166 20110508877575.75 
5 0.9996365055838419 5.501062797722434e-05 0.00017185623060268077 0.00013662755757805472 20110508877575.74 
6 0.9996166282810841 5.370619920690409e-05 0.00016899874333369596 0.000160666776375315 20110508877575.645 
7 0.9995967982378366 5.269311730067491e-05 0.00016647036318943577 0.00018403828167329813 20110508877575.758 
8 0.9995771264018685 5.1821263041929395e-05 0.00016418237466251146 0.00020686996042719588 20110508877575.797 
9 0.9995576178750665 5.1039653013162706e-05 0.0001620934836171049 0.0002292489883032389 20110508877575.707 
10 0.9995382378354166 5.0330978053242434e-05 0.00016019337352872397 0.0002512378130014503 20110508877575.727 
11 0.9995189371276096 4.9690652184029736e-05 0.00015848816956631274 0.000272884050639945 20110508877575.734 
12 0.9994996617294903 4.911934097971344e-05 0.00015699205577511367 0.00029422687375475743 20110508877575.8 
13 0.9994803554189989 4.862010623682965e-05 0.0001557232442220925 0.00031530123054221795 20110508877575.742 
14 0.9994609595581476 4.819731408656129e-05 0.00015470245670988887 0.00033614067105614383 20110508877575.793 
15 0.9994414116681608 4.785628545532125e-05 0.0001539527624901965 0.00035677928389370655 20110508877575.664 
16 0.9994216434753137 4.7603289456922323e-05 0.00015350014271469856 0.00037725309251462945 20110508877575.715 
17 0.9994015786551551 4.744571365451399e-05 0.00015337447127259534 0.0003976011599177588 20110508877575.758 
18 0.9993811302977244 4.739234132029432e-05 0.0001536107795357042 0.00041786658141980014 20110508877575.727 
19 0.9993601980242326 4.7453708839595284e-05 0.00015425076856504213 0.00043809749836290875 20110508877575.76 
20 0.9993386646441386 4.764253687002839e-05 0.00015534458376380717 0.0004583482352275505 20110508877575.727 
21 0.9993163922217189 4.797423885605664e-05 0.00015695289472571108 0.00047868064469950607 20110508877575.72 
22 0.9992932174106127 4.846751502847095e-05 0.00015914933800664628 0.0004991657363521582 20110508877575.71 
23 0.9992689459093206 4.9145041075790086e-05 0.00016202338766414448 0.0005198856619394431 20110508877575.727 
24 0.9992433458909786 5.003425873004731e-05 0.00016568371888438582 0.0005409361314069012 20110508877575.734 
25 0.9992161402712277 5.11682700757957e-05 0.00017026212242703768 0.0005624293362693603 20110508877575.785 
26 0.9991869977062245 5.258682719860093e-05 0.0001759180081983175 0.0005844974583785139 20110508877575.703 
27 0.9991555222704429 5.433739178347591e-05 0.00018284349872850332 0.0006072968390451925 20110508877575.656 
28 0.9991212418674998 5.6476212545726095e-05 0.0001912690484043633 0.0006310128715499906 20110508877575.695 
29 0.9990835955996736 5.90693281266265e-05 0.00020146941913081777 0.0006558656530689014 20110508877575.723 
30 0.9990419205930209 6.219334478451502e-05 0.00021376968084377024 0.0006821163813508104 20110508877575.7 
31 0.9989954391815569 6.593575727019928e-05 0.00022855066563548418 0.0007100743955374807 20110508877575.72 
32 0.9989432479346337 7.039447481319412e-05 0.00024625296594229384 0.0007401046246108927 20110508877575.72 
33 0.9988843107957616 7.567608483065384e-05 0.00026737811521852366 0.0007726350041892931 20110508877575.707 
34 0.9988174595824096 8.189225031667175e-05 0.0002924850302832522 0.0008081631369905281 20110508877575.73 
35 0.9987414061848681 8.915353318671535e-05 0.0003221791846443469 0.0008472610973008616 20110508877575.652 
36 0.9986547717494542 9.755994596985954e-05 0.00035709147280912874 0.0008905768317666651 20110508877575.652 
37 0.9985561384407495 0.00010718779176311177 0.00039784361675910456 0.0009388301507283746 20110508877575.72 
38 0.9984441282554702 0.00011807303284441536 0.0004449977383332158 0.0009928009733520538 20110508877575.742 
39 0.9983175098254244 0.00013019268119907206 0.0004989899777258597 0.0010533075156507392 20110508877575.652 
40 0.9981753274626951 0.0001434474945782798 0.0005600522491927097 0.001121172793533951 20110508877575.684 
41 0.9980170372148369 0.0001576511421654905 0.0006281322198682663 0.0011971794231293955 20110508877575.633 
42 0.9978426248206889 0.00017253196375589504 0.0007028279369877449 0.0012820152785674246 20110508877575.746 
43 0.9976526749448162 0.00018775212522392708 0.0007833572423192478 0.0013762156876406157 20110508877575.69 
44 0.9974483655082805 0.0002029444707532288 0.0008685795115548606 0.0014801105094113182 20110508877575.746 
45 0.9972313781337627 0.00021776042303894502 0.0009570761312837879 0.0015937853119145384 20110508877575.7 
46 0.997003741804717 0.00023191585942236465 0.0010472783978857565 0.0017170639379749865 20110508877575.703 
47 0.9967676506444486 0.0002452201270858481 0.001137614127259467 0.0018495151012060565 20110508877575.727 
48 0.9965253050711718 0.0002575787639647521 0.0012266363459301224 0.001990479818933408 20110508877575.74 
49 0.996278812193783 0.00026897134665338494 0.0013131046032723603 0.002139111856291351 20110508877575.79 
50 0.9960301525577807 0.00027941644422135067 0.0013960091155349836 0.0022944218824629847 20110508877575.645 
51 0.9957811920924228 0.00028893979147359217 0.0014745500466857753 0.0024553180694178553 20110508877575.73 
52 0.9955337051277543 0.0002975574339207358 0.001548097481091558 0.002620639957233382 20110508877575.746 
53 0.995289380720821 0.0003052761431156708 0.0016161568134274056 0.002789186322635846 20110508877575.67 
54 0.9950498023728399 0.00031210498716747456 0.0016783527961051511 0.0029597398438876003 20110508877575.77 
55 0.9948164078442261 0.0003180689729531883 0.001734431925356811 0.0031310912574639776 20110508877575.727 
56 0.9945904427875087 0.0003232182492610196 0.0017842746374486214 0.0033020643257814885 20110508877575.785 
57 0.9943729193650737 0.00032763117240972874 0.0018279079948527296 0.003471541467663798 20110508877575.742 
58 0.9941645846754292 0.0003314129768295062 0.0018655132889429202 0.003638489058798258 20110508877575.773 
59 0.9939658993790438 0.00033469242439520365 0.0018974269797158235 0.003801981216845206 20110508877575.71 
60 0.9937770262927876 0.000337617549556209 0.0019241351700896964 0.0039612209875662064 20110508877575.734 
61 0.993597830311939 0.00034035023560263355 0.0019462615338078193 0.004115557918650444 20110508877575.74 
62 0.9934278922457788 0.0003430589565852861 0.001964547830035726 0.004264500967600269 20110508877575.68 
63 0.9932665385565596 0.00034590960659093475 0.0019798261716280773 0.004407725665221423 20110508877575.715 
64 0.9931128867511224 0.0003490552610621956 0.001992983373170093 0.0045450746146453265 20110508877575.758 
65 0.9929659034630564 0.00035262630774693144 0.002004919410115977 0.004676550819080565 20110508877575.63 
66 0.992824470284906 0.0003567223610589877 0.0020165034177203078 0.0048023039363146655 20110508877575.773 
67 0.9926874517410896 0.0003614068653065686 0.0020285311872128946 0.0049226102063907795 20110508877575.76 
68 0.9925537602667567 0.00036670464893055944 0.002041687740660736 0.005037847343652046 20110508877575.68 
69 0.9924224140818962 0.0003726022255804683 0.0020565176497914913 0.005148466042731837 20110508877575.766 
70 0.9922925848428877 0.0003790504694698266 0.002073404771782728 0.005254959915859716 20110508877575.73 
71 0.9921636326417664 0.0003859693484661228 0.002092562307931139 0.005357835701836166 20110508877575.676 
72 0.9920351263899143 0.00039325450650509963 0.0021140335867403195 0.00545758551684033 20110508877575.695 
73 0.9919068481684629 0.0004007854890382628 0.0021377035644382144 0.005554662778060557 20110508877575.723 
74 0.9917787810573425 0.00040843523278075427 0.002163320498649786 0.005649463211227019 20110508877575.707 
75 0.9916510813901179 0.0004160801368740703 0.0021905264524295855 0.005742312020578369 20110508877575.83 
76 0.9915240381670698 0.00042360972490446824 0.0022188942760419388 0.005833457831983823 20110508877575.746 
77 0.9913980240946543 0.000430934750362176 0.002247967723796733 0.0059230734311867435 20110508877575.758 
78 0.9912734439096743 0.0004379927023430547 0.0022773007152185054 0.00601126267276406 20110508877575.723 
79 0.9911506859013053 0.00044475004706795126 0.002306491718438215 0.00609807233318861 20110508877575.79 
80 0.9910300817437805 0.0004512011007915473 0.002335209921238414 0.006183507234189561 20110508877575.797 
81 0.990911878095919 0.0004573640094725884 0.002363211140186364 0.006267546754422029 20110508877575.73 
82 0.9907962213429601 0.0004632747485443182 0.0023903429997351364 0.006350160908760621 20110508877575.723 
83 0.9906831548484237 0.00046898025237304697 0.0024165404240949623 0.00643132447510821 20110508877575.734 
84 0.9905726265445246 0.000474531726684851 0.00244181361789503 0.00651102811089561 20110508877575.777 
85 0.9904645038174801 0.0004799789527389092 0.0024662313032765807 0.006589285926504459 20110508877575.785 
86 0.9903585924354236 0.00048536605941907636 0.002489902027537792 0.006666139477619619 20110508877575.797 
87 0.9902546565768355 0.0004907289131445289 0.002512955974729891 0.006741658535290047 20110508877575.754 
88 0.9901524376432638 0.0004960940183577299 0.0025355290816648657 0.0068159392567135576 20110508877575.8 
89 0.9900516702881366 0.0005014786583220226 0.002557750545885563 0.006889100507655717 20110508877575.746 
90 0.9899520948181595 0.0005068919324025825 0.002579734152094599 0.0069612790973431985 20110508877575.76 
91 0.9898534657369797 0.0005123363412173723 0.002601573312898757 0.007032624608904026 20110508877575.668 
92 0.989755556663399 0.0005178096103208472 0.0026233393500025787 0.007103294376277555 20110508877575.742 
93 0.9896581621632004 0.0005233065050403906 0.0026450823294306386 0.007173449002328684 20110508877575.777 
94 0.9895610971991534 0.0005288204583625784 0.002666833685652047 0.007243248656832005 20110508877575.65 
95 0.9894641949520451 0.0005343449006911938 0.0026886098932034186 0.007312850254060353 20110508877575.723 
96 0.9893673037243295 0.0005398742393275281 0.0027104165382661116 0.007382405498077041 20110508877575.773 
97 0.9892702835351926 0.0005454044836964854 0.002732252277263037 0.007452059703848038 20110508877575.695 
98 0.9891730028778656 0.0005509335482872518 0.0027541123200908037 0.00752195125375626 20110508877575.824 
99 0.9890753359602058 0.0005564612887632214 0.0027759912225049717 0.007592211528525924 20110508877575.71 
100 0.9889771606067713 0.0005619893384895303 0.002797884901292528 0.007662965153446507 20110508877575.664 
101 0.9888783568783552 0.0005675208144899171 0.0028197918884662566 0.007734330418688836 20110508877575.727 
102 0.9887788063709999 0.0005730599559153035 0.002841713913086804 0.00780641975999785 20110508877575.64 
103 0.9886783920933749 0.0005786117471597665 0.002863655942034313 0.007879340217430994 20110508877575.734 
104 0.988576998787159 0.0005841815644116743 0.002885625827861987 0.007953193820567434 20110508877575.76 
105 0.9884745135450679 0.0005897748708995067 0.0029076337084458135 0.008028077875586822 20110508877575.65 
106 0.9883708265890865 0.0005953969739974157 0.0029296912858898885 0.008104085151026277 20110508877575.79 
107 0.9882658320910009 0.0006010528476389066 0.0029518110871281146 0.008181303974231953 20110508877575.777 
108 0.9881594289427436 0.0006067470164906334 0.0029740057809814206 0.008259818259784356 20110508877575.73 
109 0.9880515214108615 0.0006124834939475535 0.002996287599859599 0.008339707495331227 20110508877575.832 
110 0.9879420196345041 0.0006182657638248466 0.0030186678912436983 0.008421046710427304 20110508877575.72 
111 0.9878308399477884 0.0006240967951125479 0.0030411568057541207 0.008503906451344887 20110508877575.76 
112 0.9877179050244282 0.0006299790797884761 0.003063763115275055 0.008588352780508127 20110508877575.836 
113 0.9876031438550136 0.0006359146849825443 0.0030864941458999483 0.008674447314103974 20110508877575.79 
114 0.9874864915756759 0.0006419053123821788 0.0031093558056742797 0.008762247306267639 20110508877575.746 
115 0.9873678891717343 0.0006479523594045406 0.003132352685367062 0.00885180578349417 20110508877575.797 
116 0.9872472830819954 0.0006540569781722796 0.0031554882109510523 0.008943171728881308 20110508877575.7 
117 0.9871246247294124 0.0006602201296302773 0.00317876482835109 0.009036390312606125 20110508877575.734 
118 0.9869998700023908 0.0006664426311990764 0.0032021842037150885 0.009131503162694985 20110508877575.74 
119 0.9868729787087127 0.0006727251971808567 0.0032257474254997454 0.00922854866860669 20110508877575.75 
120 0.9867439140212213 0.0006790684717403346 0.0032494551977206086 0.009327562309317836 20110508877575.777 
121 0.9866126419313682 0.0006854730547090744 0.0032733080165716012 0.009428576997351043 20110508877575.754 
122 0.9864791307237035 0.000691939520742435 0.003297306325156315 0.009531623430397871 20110508877575.72 
123 0.9863433504815017 0.0006984684325266328 0.003321450643231251 0.00963673044274042 20110508877575.74 
124 0.9862052726310898 0.0007050603488177158 0.003345741670630878 0.00974392534946155 20110508877575.785 
125 0.9860648695300765 0.00071171582811699 0.003370180364441193 0.009853234277365213 20110508877575.766 
126 0.9859221141026464 0.0007184354287688034 0.003394767991050531 0.009964682477534285 20110508877575.78 
127 0.9857769795233401 0.0007252197062184578 0.0034195061549700282 0.010078294615471457 20110508877575.78 
128 0.9856294389492989 0.0007320692081035679 0.0034443968068323567 0.010194095035765158 20110508877575.723 
129 0.9854794652997877 0.0007389844677771277 0.003469442233282931 0.01031210799915232 20110508877575.65 
130 0.9853270310808917 0.0007459659967821891 0.0034946450316169168 0.010432357890709265 20110508877575.746 
131 0.9851721082525987 0.000753014276719914 0.0035200080720215222 0.010554869398659962 20110508877575.77 
132 0.9850146681349792 0.0007601297508773997 0.003545534450187729 0.010679667663955865 20110508877575.76 
133 0.9848546813498625 0.000767312815911891 0.0035712274328856025 0.010806778401339933 20110508877575.773 
134 0.984692117794228 0.0007745638138243246 0.0035970903988760856 0.01093622799307166 20110508877575.777 
135 0.9845269466414743 0.0007818830243983845 0.0036231267772770686 0.011068043556850125 20110508877575.734 
136 0.9843591363667833 0.0007892706582318857 0.0036493399852296072 0.011202252989755095 20110508877575.74 
137 0.984188654792907 0.0007967268504453503 0.00367573336643272 0.011338884990214947 20110508877575.74 
138 0.9840154691528978 0.0008042516551171471 0.00370231013184473 0.011477969060140298 20110508877575.734 
139 0.9838395461665315 0.0008118450404660728 0.0037290733035882043 0.011619535489414188 20110508877575.695 
140 0.9836608521274224 0.0008195068847792735 0.003756025662855862 0.01176361532494237 20110508877575.695 
141 0.9834793529981218 0.0008272369730657095 0.0037831697023946 0.01191024032641793 20110508877575.74 
142 0.9832950145107611 0.0008350349944026016 0.0038105075839510658 0.01205944291088526 20110508877575.695 
143 0.9831078022711034 0.0008429005399327225 0.003838041100890855 0.01221125608807286 20110508877575.652 
144 0.9829176818641353 0.0008508331014647528 0.0038657716460596078 0.01236571338834036 20110508877575.68 
145 0.9827246189596025 0.0008588320706255473 0.0038937001848337086 0.012522848784938204 20110508877575.758 
146 0.982528579416155 0.0008668967385118433 0.003921827233210699 0.012682696612122426 20110508877575.688 
147 0.9823295293829885 0.0008750262957894358 0.003950152840712974 0.012845291480508962 20110508877575.742 
148 0.982127435398097 0.0008832198331894733 0.003978676577821845 0.01301066819089181 20110508877575.766 
149 0.9819222644824386 0.0008914763423537616 0.004007397527617607 0.013178861647589963 20110508877575.75 
150 0.9817139842294996 0.0008997947169843539 0.0040363142812762575 0.013349906772239567 20110508877575.69 
