0 0.9994470334490627 0.0005529665509373251 0.0 0.0 20106478754893.74 
1 0.9995600188407632 0.00018546171007149332 0.00021649312731593414 3.802632184919108e-05 20110508877575.75 
2 0.9995708420213171 0.00010326725034774988 0.00024763516344358913 7.825556489144386e-05 20110508877575.74 
3 0.9995478167138935 8.50105298143215e-05 0.0002499822197727987 0.00011719053651933324 20110508877575.71 
4 0.9995169914827642 7.999094677868075e-05 0.0002483069774811802 0.0001547105929758622 20110508877575.73 
5 0.9994853087000889 7.791621252288254e-05 0.0002460483814539438 0.0001907267059341312 20110508877575.77 
6 0.9994549862059711 7.647567934474763e-05 0.00024343873522286448 0.00022509937946135663 20110508877575.746 
7 0.9994266986189468 7.511865212773256e-05 0.00024042131378756572 0.00025776141513801957 20110508877575.75 
8 0.9994004858723878 7.373191370449599e-05 0.0002370330107022233 0.0002887492032054065 20110508877575.746 
9 0.9993761079658391 7.232001284671248e-05 0.00023339045452216 0.0003181815667918531 20110508877575.79 
10 0.9993532150660168 7.091747001220042e-05 0.0002296409283741385 0.0003462265355968222 20110508877575.797 
11 0.9993314345152429 6.956227341332275e-05 0.00022593012002262845 0.00037307309132115693 20110508877575.76 
12 0.9993104137486744 6.828778055804529e-05 0.00022238655047327992 0.00039891192029425335 20110508877575.742 
13 0.9992898385980387 6.712077743691329e-05 0.00021911642670591533 0.00042392419781857684 20110508877575.72 
14 0.999269438001332 6.608173968919403e-05 0.00021620407439826053 0.0004482761845804694 20110508877575.723 
15 0.9992489815644752 6.518586574995264e-05 0.00021371499396328914 0.0004721175758116173 20110508877575.707 
16 0.9992282737046441 6.444431872112459e-05 0.00021169990494869547 0.0004955820716860735 20110508877575.75 
17 0.9992071464549699 6.38654487454924e-05 0.000210198946035903 0.000518789150248532 20110508877575.758 
18 0.9991854520155554 6.345591125512746e-05 0.00020924565598244815 0.0005418464172070299 20110508877575.758 
19 0.9991630555482627 6.32216622019248e-05 0.00020887061182327807 0.0005648521777122022 20110508877575.78 
20 0.9991398283755004 6.316884181881485e-05 0.00020910473214357284 0.0005878980505372537 20110508877575.645 
21 0.9991156415568228 6.330457163349237e-05 0.00020998231772516524 0.0006110715538186802 20110508877575.777 
22 0.9990903597196098 6.36376938300604e-05 0.00021154392972435346 0.0006344586568359436 20110508877575.79 
23 0.9990638349738099 6.417948183722597e-05 0.00021383921383329497 0.0006581463305194622 20110508877575.723 
24 0.9990359007237822 6.494434827546417e-05 0.00021692977674973206 0.0006822251511925004 20110508877575.676 
25 0.9990063651908436 6.595057198393776e-05 0.00022089221309051917 0.0007067920240820116 20110508877575.727 
26 0.9989750044729164 6.722105992063592e-05 0.000225821368034788 0.0007319530991280811 20110508877575.66 
27 0.9989415549916711 6.878415199924377e-05 0.0002318339029677905 0.000757826953361844 20110508877575.75 
28 0.9989057052146596 7.067446687035575e-05 0.00023907220646510167 0.0007845481120048233 20110508877575.79 
29 0.9988670865937855 7.293377371205366e-05 0.00024770865863396347 0.0008122709738685082 20110508877575.71 
30 0.99882526373628 7.561185891619459e-05 0.0002579502105034175 0.0008411741943003207 20110508877575.777 
31 0.9987797239237051 7.87673373144515e-05 0.0002700431798603741 0.0008714655591199769 20110508877575.652 
32 0.9987298662194559 8.246833628636401e-05 0.00028427809030844654 0.000903387353949386 20110508877575.758 
33 0.9986749905531576 8.679295967102207e-05 0.0003009942935064642 0.0009372221936648094 20110508877575.734 
34 0.9986142873349103 9.182941923636522e-05 0.0003205840201380902 0.0009732992257153509 20110508877575.65 
35 0.9985468283275107 9.767570566871146e-05 0.0003434954080625633 0.001012000558757862 20110508877575.8 
36 0.9984715596953306 0.00010443865522941435 0.00037023395537205586 0.0010537676940680246 20110508877575.73 
37 0.998387298387563 0.00011223224009741716 0.0004013617243372912 0.00109910764800228 20110508877575.7 
38 0.9982927333825851 0.00012117484597822727 0.00043749343322348953 0.0011485983382131713 20110508877575.8 
39 0.9981864339540045 0.0001313851684458777 0.00047928823715188035 0.001202892640397747 20110508877575.848 
40 0.9980668681677186 0.00014297613984291872 0.0005274354245807127 0.0012627202678578307 20110508877575.74 
41 0.9979324363362658 0.00015604602032248584 0.000582631403786119 0.0013288862396256824 20110508877575.746 
42 0.9977815259085915 0.00017066557466820616 0.0006455443539221387 0.001402264162817933 20110508877575.74 
43 0.997612595528182 0.00018686036135224352 0.0007167622012859019 0.0014837819091798074 20110508877575.76 
44 0.9974242954189171 0.00020458792747613322 0.0007967199638779163 0.0015743966897288622 20110508877575.75 
45 0.9972156271213012 0.00022371144298628096 0.0008856050685109933 0.0016750563672014668 20110508877575.703 
46 0.9969861364291477 0.0002439740523817021 0.0009832449397100338 0.0017866445787608337 20110508877575.73 
47 0.9967361191321688 0.0002649814198497879 0.0010889900867579864 0.0019099093612235027 20110508877575.79 
48 0.9964668026485518 0.0002862022378979945 0.0012016164167175118 0.002045378696832636 20110508877575.797 
49 0.9961804542100179 0.00030699586253510005 0.0013192786082504488 0.002193271319196608 20110508877575.785 
50 0.9958803666063306 0.00032667097344952356 0.0014395464713879342 0.0023534159488319026 20110508877575.746 
51 0.9955706922524499 0.00034456929289896054 0.0015595435930470935 0.0025251948616040777 20110508877575.734 
52 0.9952561340962945 0.00036015714738677477 0.0016761823705571262 0.002707526385761492 20110508877575.707 
53 0.9949415448961757 0.000373100848029043 0.0017864593888857294 0.0028988948669094214 20110508877575.78 
54 0.9946315150727106 0.0003833046246079996 0.0018877530916750357 0.0030974272110063593 20110508877575.785 
55 0.9943300290213087 0.00039090233436014736 0.0019780631785829223 0.0033010054657482803 20110508877575.742 
56 0.994040241326906 0.00039621030258374075 0.0020561499465587183 0.0035073984239514682 20110508877575.754 
57 0.993764383802653 0.00039965995825694554 0.0021215624622142578 0.0037143937768759285 20110508877575.79 
58 0.9935037813383397 0.00040173053731586334 0.0021745726726610766 0.003919915451683495 20110508877575.78 
59 0.9932589399635157 0.0004028955866029307 0.0022160481012458567 0.004122116348635525 20110508877575.766 
60 0.9930296726383738 0.00040358785168097223 0.0022472970745073964 0.004319442435437846 20110508877575.727 
61 0.9928152385000758 0.00040418032788607584 0.00226991259174136 0.00451066858029674 20110508877575.664 
62 0.9926144816374859 0.0004049785380277662 0.0022856306168735885 0.004694909207612685 20110508877575.746 
63 0.9924259623048727 0.0004062194485818424 0.0022962101076028636 0.0048716081389426616 20110508877575.74 
64 0.9922480769119651 0.0004080739587250438 0.0023033367872259407 0.005040512342083909 20110508877575.695 
65 0.9920791646518164 0.0004106512783941351 0.002308549906401481 0.00520163416338805 20110508877575.812 
66 0.9919175994504023 0.00041400434979612153 0.0023131899895888447 0.005355206210212821 20110508877575.746 
67 0.9917618664806471 0.0004181359047228923 0.002318365095214381 0.005501632519415535 20110508877575.71 
68 0.9916106227692738 0.00042300502488003174 0.0023249331215886393 0.0056414390842574194 20110508877575.8 
69 0.9914627414088546 0.0004285342897353032 0.0023334980178648015 0.005775226283545208 20110508877575.76 
70 0.9913173387274409 0.0004346177260128193 0.0023444182445851764 0.005903625301961081 20110508877575.793 
71 0.9911737837761597 0.0004411297405639412 0.00235782623599167 0.006027260247284559 20110508877575.71 
72 0.991031689981308 0.00044793499137364364 0.002373657710408158 0.006146717316910299 20110508877575.785 
73 0.9908908899137133 0.00045489877982468065 0.002391689326231302 0.0062625219802305565 20110508877575.766 
74 0.9907513957295359 0.00046189715606593227 0.002411582442399515 0.006375124671998769 20110508877575.758 
75 0.9906133495527066 0.00046882567401156463 0.002432929852990391 0.0064848949202913455 20110508877575.703 
76 0.9904769693892516 0.00047560573609519926 0.0024553016740649584 0.006592123200588386 20110508877575.68 
77 0.9903424966411063 0.00048218776545926907 0.0024782863918422575 0.0066970292015921 20110508877575.74 
78 0.9902101507180271 0.0004885509618029173 0.0025015236044004484 0.006799774715769655 20110508877575.715 
79 0.9900800947492453 0.0004946999834914397 0.002524726148241899 0.006900479119021267 20110508877575.656 
80 0.9899524143572084 0.0005006593825737135 0.0025476908373659466 0.006999235422852088 20110508877575.688 
81 0.9898271093710382 0.0005064668801212179 0.0025702985965014567 0.007096125152339066 20110508877575.684 
82 0.9897040966609293 0.0005121665724370757 0.0025925060110789967 0.007191230755554637 20110508877575.766 
83 0.9895832212188213 0.0005178029521349296 0.0026143310407508867 0.007284644788293055 20110508877575.734 
84 0.9894642722391918 0.0005234163069280083 0.002635835808953167 0.007376475644927192 20110508877575.707 
85 0.9893470011496037 0.0005290397224103184 0.002657109081348617 0.007466850046637357 20110508877575.8 
86 0.9892311391069739 0.0005346976355700131 0.0026782504483124905 0.007555912809143469 20110508877575.78 
87 0.9891164122102694 0.0005404056977808375 0.0026993575091811823 0.007643824582768515 20110508877575.74 
88 0.9890025534225071 0.0005461716114496216 0.002720516663763138 0.007730758302280137 20110508877575.758 
89 0.9888893108409711 0.0005519965855079684 0.0027417975423660802 0.007816895031154859 20110508877575.65 
90 0.988776452453571 0.0005578770868095402 0.002763250691200943 0.007902419768418507 20110508877575.773 
91 0.9886637678588991 0.0005638066242967282 0.002784907878823965 0.00798751763798019 20110508877575.758 
92 0.9885510676191189 0.0005697773732039483 0.0028067842810695592 0.008072370726607563 20110508877575.707 
93 0.988438180981856 0.0005757815161974057 0.0028288818055680533 0.008157155696378544 20110508877575.76 
94 0.9883249526782922 0.0005818122404967511 0.002851192898811389 0.00824204218239952 20110508877575.727 
95 0.9882112394090554 0.0005878643810675276 0.0028737043075132366 0.008327191902363756 20110508877575.74 
96 0.9880969064950256 0.0005939347382661511 0.0028964004149798065 0.008412758351728562 20110508877575.723 
97 0.9879818250213327 0.0006000221235825634 0.0029192659211694687 0.008498886933915185 20110508877575.797 
98 0.9878658696593907 0.0006061272001854446 0.0029422877667313174 0.008585715373692581 20110508877575.76 
99 0.9877489172279933 0.0006122521875855415 0.0029654563069944173 0.008673374277426689 20110508877575.79 
100 0.987630845958606 0.0006184004943241117 0.002988765817373468 0.008761987729696432 20110508877575.75 
101 0.9875115353647972 0.0006245763319178359 0.0030122144571949287 0.008851673846089982 20110508877575.8 
102 0.9873908665796957 0.0006307843500307386 0.0030358038381059264 0.008942545232167583 20110508877575.746 
103 0.9872687230137928 0.0006370293192724994 0.0030595383416168027 0.00903470932531806 20110508877575.76 
104 0.9871449911921992 0.000643315875799985 0.0030834243143393943 0.009128268617661188 20110508877575.723 
105 0.9870195616492438 0.0006496483320062927 0.003107469245248238 0.00922332077350171 20110508877575.703 
106 0.9868923297832983 0.0006560305503902326 0.0031316810019887823 0.009319958664322522 20110508877575.754 
107 0.9867631966014662 0.0006624658731145202 0.0031560671767452784 0.009418270348674084 20110508877575.742 
108 0.9866320693089861 0.0006689570973956173 0.003180634568954569 0.009518339024663735 20110508877575.734 
109 0.9864988617200591 0.0006755064862009566 0.003205388813490518 0.009620242980249438 20110508877575.793 
110 0.9863634944843204 0.0006821158042252083 0.0032303341491796383 0.009724055562274897 20110508877575.78 
111 0.9862258951362883 0.0006887863703056455 0.003255473313329533 0.00982984518007662 20110508877575.72 
112 0.9860859979841251 0.0006955191189479802 0.003280807542676194 0.009937675354250821 20110508877575.785 
113 0.9859437438595824 0.000702314665205555 0.003306336658943719 0.0100476048162683 20110508877575.785 
114 0.9857990797537701 0.0007091733686224349 0.0033320592172258155 0.010159687660381679 20110508877575.76 
115 0.9856519583640586 0.0007160953932262024 0.0033579726968982248 0.01027397354581707 20110508877575.715 
116 0.9855023375766251 0.0007230807616068171 0.003384073717147253 0.010390507944620922 20110508877575.68 
117 0.9853501799073751 0.0007301294019461152 0.003410358261988048 0.010509332428690904 20110508877575.746 
118 0.9851954519215955 0.0007372411874913129 0.0034368219025286036 0.010630484988384478 20110508877575.695 
119 0.985038123650049 0.0007444159684266075 0.0034634600069901943 0.010754000374534195 20110508877575.668 
120 0.9848781680164455 0.0007516535964222825 0.003490267931507674 0.01087991045562462 20110508877575.742 
121 0.9847155602885519 0.0007589539423603878 0.003517241186933513 0.011008244582154299 20110508877575.77 
122 0.9845502775626251 0.0007663169078761061 0.00354437557874624 0.011139029950752477 20110508877575.754 
123 0.9843822982884992 0.0007737424314339036 0.0035716673187228365 0.01127229196134414 20110508877575.74 
124 0.984211601840518 0.000781230489693382 0.0035991131082974853 0.011408054561491085 20110508877575.684 
125 0.9840381681376155 0.0007887810949233529 0.0036267101945273122 0.011546340572933902 20110508877575.816 
126 0.9838619773141751 0.0007963942892017403 0.0036544564003500395 0.011687171996273083 20110508877575.832 
127 0.9836830094419025 0.0008040701361008315 0.0036823501313780946 0.011830570290618524 20110508877575.76 
128 0.9835012443017362 0.0008118087105065985 0.003710390361858536 0.011976556625898704 20110508877575.727 
129 0.9833166612038635 0.0008196100871608375 0.003738576602661462 0.012125152106314133 20110508877575.73 
130 0.9831292388531326 0.0008274743284493183 0.0037669088542664404 0.012276377964151652 20110508877575.723 
131 0.9829389552565722 0.0008354014718906764 0.0037953875477147294 0.012430255723822515 20110508877575.688 
132 0.982745787669318 0.0008433915177111352 0.003824013476409013 0.012586807336561985 20110508877575.734 
133 0.9825497125749868 0.0008514444168226312 0.003852787721483313 0.01274605528670733 20110508877575.74 
134 0.9823507056964136 0.0008595600594562703 0.003881711573255265 0.012908022670874863 20110508877575.723 
135 0.9821487420326555 0.0008677382646429372 0.003910786451023117 0.013072733251678579 20110508877575.645 
136 0.9819437959182524 0.0008759787706776 0.003940013823195879 0.013240211487874003 20110508877575.668 
137 0.9817358411009036 0.0008842812266546359 0.003969395129457367 0.013410482542984303 20110508877575.793 
138 0.9815248508339293 0.0008926451851196297 0.003998931706376955 0.01358357227457429 20110508877575.688 
139 0.981310797980176 0.0009010700958468344 0.004028624717595986 0.013759507206381166 20110508877575.73 
140 0.9810936551243068 0.0009095553007231671 0.004058475089453311 0.013938314485516598 20110508877575.727 
141 0.9808733946907431 0.0009181000296959431 0.004088483452662847 0.014120021826898223 20110508877575.773 
142 0.9806499890648431 0.0009267033977251745 0.004118650090434207 0.014304657446997472 20110508877575.785 
143 0.9804234107152345 0.0009353644026688121 0.004148974893227584 0.014492249988868925 20110508877575.68 
144 0.9801936323155102 0.0009440819240219449 0.0041794573201654256 0.014682828440302458 20110508877575.805 
145 0.9799606268638025 0.0009528547224274398 0.0042100963669816265 0.014876422046788379 20110508877575.688 
146 0.9797243677990339 0.0009616814398741664 0.004240890540271203 0.015073060220820602 20110508877575.734 
147 0.9794848291128632 0.0009705606005016587 0.004271837837717741 0.015272772448917536 20110508877575.723 
148 0.9792419854566045 0.0009794906119325792 0.004302935733905351 0.015475588197557483 20110508877575.773 
149 0.9789958122425776 0.0009884697670603177 0.004334181171280675 0.01568153681908148 20110508877575.72 
150 0.9787462857395218 0.0009974962462236958 0.004365570555799864 0.01589064745845447 20110508877575.742 
