0 0.9969178057909355 0.0030821942090645863 0.0 0.0 20084301075199.74 
1 0.9965349264174852 0.0024459342935396946 0.0008492827408123938 0.00016985654816247875 20110508877575.72 
2 0.9962704318811085 0.0019082807165650335 0.0013752158301206005 0.0004460715722059801 20110508877575.785 
3 0.9958961681623891 0.0016194281926073912 0.001701019939195418 0.0007833837058082237 20110508877575.656 
4 0.9954285832440313 0.0014867804463970502 0.0019228898924473002 0.0011617464171244003 20110508877575.715 
5 0.9948884961844265 0.0014445345467156456 0.0020940205809196442 0.0015729486879380527 20110508877575.73 
6 0.994290796852635 0.0014540046499683153 0.0022417316242447608 0.002013466873151963 20110508877575.79 
7 0.9936444913892759 0.0014936512460415425 0.0023800694534388913 0.0024817879112435637 20110508877575.8 
8 0.9929543139900646 0.0015517022960680922 0.00251648692453597 0.002977496789331216 20110508877575.74 
9 0.9922221611409794 0.001621794814801904 0.0026551265925049226 0.003500917451713826 20110508877575.727 
10 0.9914481203683586 0.0017005426706718195 0.0027984266301025636 0.00405291033086712 20110508877575.832 
11 0.990631156652284 0.0017861963155525683 0.0029479227743693824 0.004634724257794119 20110508877575.715 
12 0.9897695518444763 0.0018779048101152925 0.0031046604489520973 0.005247882896456305 20110508877575.73 
13 0.9888611762138405 0.0019753093015554397 0.0032694129116069446 0.005894101572997103 20110508877575.785 
14 0.9879036500626052 0.0020783194015838702 0.0034428000704561697 0.006575230465354757 20110508877575.734 
15 0.9868944355761928 0.002186990637369418 0.003625355008700642 0.007293218777737274 20110508877575.742 
16 0.9858308857466008 0.0023014576805141943 0.0038175622347323543 0.008050094338152545 20110508877575.73 
17 0.9847102677846333 0.0024218982227158393 0.004019880215048604 0.008847953777602082 20110508877575.77 
18 0.98352977203046 0.0025485135604464346 0.0042327548993686655 0.009688959509724945 20110508877575.69 
19 0.9822865131512277 0.002681518180296929 0.0044566279003926046 0.010575340768082827 20110508877575.727 
20 0.9809775277047725 0.0028211341021356475 0.004691941373662515 0.011509396819429467 20110508877575.73 
21 0.9795997704493318 0.0029675876604580466 0.00493914076895485 0.01249350112125529 20110508877575.69 
22 0.9781501107384359 0.0031211074671291723 0.0051986761423118005 0.0135301056521231 20110508877575.785 
23 0.9766253297192339 0.003281922882508249 0.00547100244502996 0.014621744953228013 20110508877575.7 
24 0.9750221186940619 0.0034502626399531486 0.005756579047065443 0.015771039618919642 20110508877575.766 
25 0.9733370788073593 0.0036263534399961126 0.006055868656727375 0.016980699095917175 20110508877575.76 
26 0.9715667221185981 0.003810418421363613 0.006369335739011456 0.01825352372102673 20110508877575.746 
27 0.9697074740763321 0.004002675463278145 0.006697444496688079 0.01959240596370169 20110508877575.746 
28 0.9677556773940201 0.00420333529745131 0.007040656453072614 0.021000330855455933 20110508877575.72 
29 0.9657075973299611 0.004412599420012062 0.007399427658592093 0.022480375591434544 20110508877575.746 
30 0.9635594283826175 0.004630657799381035 0.0077742055320771716 0.02403570828592417 20110508877575.723 
31 0.961307302423725 0.004857686379076276 0.008165425340486735 0.025669585856711936 20110508877575.793 
32 0.9589472983020311 0.005093844376346291 0.008573506316472386 0.027385351005150296 20110508877575.758 
33 0.9564754529587322 0.005339271379275172 0.008998847411150052 0.029186428250842503 20110508877575.715 
34 0.9538877741009673 0.0055940842470471805 0.00944182267922654 0.031076318972759042 20110508877575.695 
35 0.9511802544816719 0.00585837382060758 0.009902776294944786 0.03305859540277586 20110508877575.723 
36 0.9483488878325818 0.006132201454112087 0.0103820171999811 0.035136893513325024 20110508877575.64 
37 0.9453896864921265 0.006415595381344018 0.010879813388323362 0.03731490473820616 20110508877575.73 
38 0.9422987007613545 0.006708546935694617 0.011396385838202948 0.03959636646474794 20110508877575.625 
39 0.9390720400089096 0.007011006647318202 0.011931902107288827 0.04198505123648335 20110508877575.73 
40 0.9357058955303325 0.0073228802466480305 0.01248646961454906 0.04448475460847053 20110508877575.73 
41 0.9321965651477645 0.007644024609527299 0.013060128640365815 0.04709928160234243 20110508877575.73 
42 0.9285404795133145 0.007974243685695697 0.013652845085651646 0.0498324317153382 20110508877575.727 
43 0.9247342300531494 0.008313284459168065 0.01426450304073367 0.05268798244694898 20110508877575.754 
44 0.9207745984598311 0.008660832996024565 0.014894897225587775 0.05566967131855672 20110508877575.64 
45 0.9166585876077563 0.009016510642142612 0.015543725374465914 0.05878117637563507 20110508877575.625 
46 0.912383453731049 0.00937987044025928 0.016210580649908043 0.06202609517878371 20110508877575.7 
47 0.9079467396653663 0.009750393842232394 0.016894944183333253 0.06540792230906793 20110508877575.777 
48 0.9033463089152642 0.01012748779824003 0.01759617785163093 0.06893002543486475 20110508877575.758 
49 0.8985803802677174 0.010510482309632509 0.018313517411068802 0.07259562001158125 20110508877575.668 
50 0.8936475626309283 0.010898628535946836 0.01904606612108518 0.07640774271203982 20110508877575.742 
51 0.8885468897366035 0.011291097548887404 0.01979278900068734 0.08036922371382184 20110508877575.688 
52 0.8832778543045191 0.011686979826559831 0.020552507868809734 0.08448265800011133 20110508877575.77 
53 0.8778404412316283 0.012085285579600707 0.021323897326612096 0.08875037586215874 20110508877575.723 
54 0.8722351593355554 0.012484945996774164 0.022105481843788386 0.09317441282388214 20110508877575.75 
55 0.8664630711553228 0.012884815490850377 0.022895634112032014 0.09775647924179465 20110508877575.758 
56 0.8605258202921948 0.013283675015931792 0.023692574826338787 0.10249792986553453 20110508877575.68 
57 0.8544256557617529 0.01368023651470428 0.024494374048361786 0.10739973367518096 20110508877575.67 
58 0.8481654528263145 0.014073148538316626 0.0252989542951769 0.11246244434019192 20110508877575.73 
59 0.8417487297856289 0.014461003062779065 0.026104095481225508 0.11768617167036656 20110508877575.746 
60 0.835179660224483 0.014842343504108221 0.026907441820685957 0.1230705544507228 20110508877575.742 
61 0.8284630802492529 0.015215673910221812 0.027706510772021086 0.12861473506850427 20110508877575.72 
62 0.821604490291839 0.015579469281261006 0.02849870407605104 0.13431733635084886 20110508877575.77 
63 0.8146100511190284 0.01593218694217775 0.029281320903895677 0.14017644103489801 20110508877575.754 
64 0.8074865737576038 0.016272278862776806 0.030051573092021777 0.14618957428759763 20110508877575.777 
65 0.8002415031297151 0.016598204791804697 0.03080660239910069 0.15235368967937957 20110508877575.746 
66 0.7928828952877587 0.016908446044036064 0.031543499674348004 0.1586651589938574 20110508877575.758 
67 0.7854193882414722 0.017201519753644735 0.03225932578056979 0.16511976622431326 20110508877575.715 
68 0.7778601664799121 0.017475993384449152 0.03295113406856866 0.1717127060670702 20110508877575.754 
69 0.7702149194046881 0.017730499268923578 0.03361599415424395 0.17843858717214442 20110508877575.734 
70 0.7624937940055112 0.01796374893404139 0.03425101670715866 0.18529144035328887 20110508877575.777 
71 0.7547073422213113 0.018174546963929852 0.03485337892109075 0.19226473189366802 20110508877575.684 
72 0.7468664635369443 0.018361804147544094 0.03542035030455628 0.19935138201095534 20110508877575.727 
73 0.7389823434631847 0.018524549664589603 0.03594931840396235 0.20654378846826343 20110508877575.688 
74 0.7310663886337389 0.01866194207486318 0.03643781405507208 0.21383385523632603 20110508877575.664 
75 0.7231301593240614 0.018773278895006316 0.03688353575084695 0.22121302603008522 20110508877575.68 
76 0.7151853002510139 0.018858004571949187 0.0372843727161882 0.22867232246084865 20110508877575.785 
77 0.7072434705476766 0.018915716693467043 0.037638426292930995 0.23620238646592553 20110508877575.777 
78 0.699316273823051 0.01894617031235132 0.037944029261694476 0.2437935266029032 20110508877575.7 
79 0.6914151892112281 0.018949280300604783 0.03819976276040595 0.251435767727761 20110508877575.74 
80 0.6835515042892768 0.018925121692532413 0.03840447050174279 0.259118903516448 20110508877575.715 
81 0.6757362506984949 0.018873928019191737 0.0385572700422319 0.26683255124008143 20110508877575.758 
82 0.6679801432412128 0.018796087679981557 0.03865756091286646 0.2745662081659392 20110508877575.766 
83 0.6602935231473354 0.01869213843872399 0.03870502948312352 0.28230930893081735 20110508877575.73 
84 0.6526863061138316 0.018562760170132166 0.03869965049534689 0.29005128322068924 20110508877575.72 
85 0.6451679356192868 0.018408766016836737 0.038641685272595275 0.29778161309128137 20110508877575.72 
86 0.637747341907759 0.01823109214619366 0.038531676668231714 0.3054898892778159 20110508877575.72 
87 0.6304329069246059 0.018030786319159425 0.038370440887884806 0.3131658658683498 20110508877575.727 
88 0.6232324353750138 0.017808995500094012 0.038159056372103296 0.32079951275278873 20110508877575.734 
89 0.616153131966588 0.017566952746223184 0.03789884997953061 0.3283810653076583 20110508877575.73 
90 0.6092015847933144 0.01730596361870404 0.037591380754463784 0.33590107083351767 20110508877575.76 
91 0.6023837547219023 0.017027392354082908 0.03723842159827303 0.3433504313257418 20110508877575.746 
92 0.5957049705546834 0.01673264802590882 0.036841939190672295 0.35072044222873555 20110508877575.742 
93 0.5891699296677346 0.016423170912085897 0.03640407252403122 0.35800282689614826 20110508877575.746 
94 0.582782703759183 0.01610041926500299 0.03592711042179079 0.36518976655402324 20110508877575.758 
95 0.5765467492917886 0.01576585665950844 0.03541346841098326 0.37227392563771977 20110508877575.74 
96 0.5704649221755685 0.015420940069334735 0.03486566530947989 0.3792484724456167 20110508877575.76 
97 0.5645394962102449 0.015067108796581545 0.03428629987174663 0.3861070951214269 20110508877575.73 
98 0.5587721847932631 0.014705774352234292 0.03367802781359388 0.3928440130409089 20110508877575.73 
99 0.5531641653955452 0.014338311359271038 0.03304353950784477 0.39945398373733904 20110508877575.793 
100 0.5477161063136385 0.013966049524410582 0.032385538610163474 0.4059323055517875 20110508877575.73 
101 0.5424281952215559 0.013590266700611113 0.031706721838751686 0.4122748162390812 20110508877575.75 
102 0.5373001690674517 0.01321218304052474 0.031009760094405772 0.41847788779761774 20110508877575.73 
103 0.5323313448878784 0.01283295622159967 0.030297281069629287 0.42453841782089274 20110508877575.727 
104 0.5275206511442904 0.012453677706654887 0.029571853458149142 0.4304538176909056 20110508877575.71 
105 0.5228666592215089 0.012075369989639153 0.028835972840165154 0.436221997948687 20110508877575.69 
106 0.5183676147649952 0.01169898476494107 0.028092049284693922 0.44184135118537 20110508877575.77 
107 0.5140214685716006 0.011325401949978503 0.027342396679082257 0.4473107327993387 20110508877575.76 
108 0.5098259067864025 0.01095542948471118 0.0265892237675647 0.45262943996132154 20110508877575.75 
109 0.5057783801954074 0.01058980382798582 0.0258346268559552 0.4577971891206515 20110508877575.74 
110 0.5018761324394918 0.010229191069008658 0.025080584118337863 0.46281409237316173 20110508877575.766 
111 0.4981162270086956 0.009874188572468757 0.02432895142402941 0.4676806329948062 20110508877575.668 
112 0.49449557290743706 0.009525327077632378 0.023581459589030965 0.4723976404258996 20110508877575.72 
113 0.49101094890997343 0.009183073174825696 0.022839712945570738 0.4769662649696303 20110508877575.72 
114 0.48765902635157443 0.008847832086831098 0.02210518911589902 0.4813879524456955 20110508877575.76 
115 0.48443639042410935 0.008519950687612797 0.021379239872014136 0.4856644190162636 20110508877575.74 
116 0.48133955996527605 0.00819972069620793 0.02066309296112448 0.48979762637739155 20110508877575.742 
117 0.4783650057483822 0.007887381989379973 0.019957854777116635 0.4937897574851212 20110508877575.758 
118 0.4755091672948054 0.007583125982540085 0.01926451376070663 0.49764319296194803 20110508877575.72 
119 0.47276846824381813 0.007287099034355262 0.018583944415042502 0.501360488306784 20110508877575.777 
120 0.4701393303249245 0.00699940583625113 0.017916911828922386 0.504944352009902 20110508877575.703 
121 0.4676181859861364 0.006720112753581017 0.017264076606232283 0.5083976246540503 20110508877575.71 
122 0.46520148973786346 0.006449251090498107 0.016626000107399036 0.5117232590642394 20110508877575.746 
123 0.46288572827703606 0.006186820255473547 0.016003149916349945 0.5149243015511402 20110508877575.74 
124 0.4606674294590433 0.005932790808921611 0.015395905454454854 0.5180038742775801 20110508877575.723 
125 0.4585431701871582 0.005687107378493129 0.014804563670999665 0.5209651587633488 20110508877575.734 
126 0.4565095832897676 0.0054496914312802324 0.014229344747750854 0.5238113805312014 20110508877575.73 
127 0.4545633634557626 0.0052204438954388905 0.013670397762973664 0.5265457948858248 20110508877575.793 
128 0.4527012722973653 0.00499924762659443 0.013127806267767788 0.5291716738082725 20110508877575.715 
129 0.4509201426081319 0.004785969716865856 0.012601593734687486 0.5316922939403148 20110508877575.723 
130 0.4492168818818378 0.00458046364645486 0.012091728845267923 0.5341109256264395 20110508877575.785 
131 0.4475884751554317 0.004382571279514834 0.0115981305892406 0.5364308229758128 20110508877575.64 
132 0.44603198723640947 0.0041921247074812795 0.011120673153856838 0.5386552149022524 20110508877575.75 
133 0.44454456437201806 0.004008947944230586 0.010659190586860958 0.5407872970968902 20110508877575.73 
134 0.4431234354145455 0.0038328584783681747 0.010213481221227593 0.5428302248858586 20110508877575.734 
135 0.4417659125336762 0.0036636686886664526 0.009783311853859071 0.5447871069237983 20110508877575.707 
136 0.4404693915236648 0.0035011871291942397 0.009368421674004328 0.5466609996731365 20110508877575.688 
137 0.439231351749916 0.0033452196910358604 0.008968525940267483 0.5484549026187807 20110508877575.734 
138 0.4380493557762589 0.0031955706477118924 0.008583319407727219 0.550171754168302 20110508877575.75 
139 0.43692104871122106 0.00305204359150492 0.008212479508940256 0.5518144281883338 20110508877575.79 
140 0.43584415730851594 0.0029144422678855906 0.007855669294469281 0.5533857311291291 20110508877575.777 
141 0.4348164888542318 0.0027825713151411794 0.007512540140102035 0.5548883996905251 20110508877575.73 
142 0.4338359298702715 0.002656236916151162 0.007182734229145297 0.5563250989844319 20110508877575.742 
143 0.43290044466121613 0.002535247369040709 0.0068658868191164 0.5576984211506268 20110508877575.785 
144 0.43200807372920613 0.0024194135831902513 0.006561628302851495 0.5590108843847521 20110508877575.71 
145 0.4311569320791087 0.0023085495067962335 0.006269586074529776 0.5602649323395652 20110508877575.734 
146 0.43034520743425575 0.002202472491872724 0.005989386211408958 0.5614629338624627 20110508877575.746 
147 0.4295711583808347 0.0021010036022655093 0.005720654982200567 0.5626071830346993 20110508877575.695 
148 0.42883311245729483 0.0020039678699244573 0.005463020193016493 0.5636998994797643 20110508877575.766 
149 0.4281294642033309 0.0019111945043533444 0.005216112381700871 0.5647432289106148 20110508877575.742 
150 0.42745867318148345 0.0018225170598299566 0.004979565871156342 0.5657392438875302 20110508877575.742 
151 0.42681926198284736 0.0017377735646719526 0.0047530196919882495 0.5666899447604924 20110508877575.746 
152 0.4262098142271288 0.0016568066165125342 0.004536118384446378 0.5675972607719122 20110508877575.746 
153 0.4256289725659917 0.0015794634472512871 0.00432851268925391 0.568463051297503 20110508877575.74 
154 0.42507543669754494 0.0015055959610584732 0.004129860136486891 0.5692891072049097 20110508877575.664 
155 0.42454796139883805 0.00143506074853731 0.003939825541218028 0.5700771523114067 20110508877575.727 
156 0.4240453545821865 0.001367719079890236 0.0037580814141758784 0.5708288449237474 20110508877575.754 
157 0.42356647538047726 0.0013034368796902254 0.0035843082951964793 0.5715457794446361 20110508877575.75 
158 0.4231102322657016 0.001242084685628374 0.003418195016772449 0.5722294880318975 20110508877575.773 
159 0.4226755812043451 0.0011835375933947614 0.003259438904536663 0.5728814422977234 20110508877575.766 
160 0.4222615238526732 0.001127675189648056 0.003107745921054975 0.5735030550366238 20110508877575.715 
161 0.4218671057943097 0.0010743814748439416 0.002962830758857048 0.5740956819719893 20110508877575.8 
162 0.42149141482211716 0.0010235447775189376 0.0028244168881980274 0.5746606235121658 20110508877575.734 
163 0.42113357926589945 0.0009750576614669345 0.0026922365646297997 0.5751991265080039 20110508877575.77 
164 0.4207927663670131 0.0009288168270985009 0.0025660308010595732 0.5757123860048287 20110508877575.67 
165 0.4204681807007455 0.0008847230081373581 0.002445549308596625 0.5762015469825206 20110508877575.74 
166 0.4201590626468857 0.0008426808646846966 0.00233055041012776 0.5766677060783019 20110508877575.723 
167 0.41986468690870055 0.0008025988735677726 0.0022208009302246315 0.5771119132875072 20110508877575.74 
168 0.4195843610803684 0.0007643892167858737 0.00211607606466631 0.5775351736381795 20110508877575.76 
169 0.41931742426253166 0.0007279676687714783 0.0020161592325641164 0.5779384488361328 20110508877575.754 
170 0.41906324572565734 0.0006932534830989966 0.001920841913795998 0.5783226588774476 20110508877575.777 
171 0.41882122362062674 0.000660169279194612 0.0018299234741999488 0.5786886836259786 20110508877575.7 
172 0.4185907837358311 0.0006286409295303034 0.0017432109807342662 0.5790373643539043 20110508877575.727 
173 0.41837137830001064 0.0005985974477210364 0.0016605190085908917 0.5793695052436775 20110508877575.66 
174 0.418162484829973 0.0005699708778860314 0.0015816694420417703 0.5796858748500991 20110508877575.727 
175 0.41796360502216706 0.0005426961855832885 0.0015064912706090202 0.5799872075216406 20110508877575.742 
176 0.4177742636871076 0.000516711150579543 0.001434820381975611 0.5802742047803372 20110508877575.74 
177 0.4175940077256283 0.0004919562616758468 0.0013664993528935694 0.5805475366598023 20110508877575.746 
178 0.4174224051457192 0.000468374613771612 0.0013013772392007359 0.5808078430013086 20110508877575.76 
179 0.41725904411896464 0.00044591180731623194 0.0012393093659234663 0.5810557347077957 20110508877575.754 
180 0.41710353207525935 0.000424515850267666 0.0011801571183216195 0.5812917949561515 20110508877575.734 
181 0.4169554948347895 0.0004041370626508319 0.0011237877346213464 0.5815165803679383 20110508877575.71 
182 0.4168145757758993 0.0003847279837851986 0.0010700741010811702 0.5817306221392344 20110508877575.695 
183 0.41668043503787916 0.0003662432822302173 0.001018894549946127 0.5819344271299447 20110508877575.73 
184 0.41655274875731646 0.0003486396684790372 0.000970132660762845 0.5821284789134418 20110508877575.785 
185 0.4164312083369466 0.00033187581041497827 0.0009236770654547065 0.5823132387871838 20110508877575.668 
186 0.4163155197458274 0.0003159122515311641 0.0008794212574896725 0.5824891467451517 20110508877575.74 
187 0.4162054028496857 0.0003007113319018558 0.0008372634054141928 0.5826566224129981 20110508877575.78 
188 0.41610059077033024 0.0002862371118832275 0.0007971061709731649 0.5828160659468133 20110508877575.74 
189 0.41600082927305193 0.00027245529851262364 0.0007588565319884591 0.582967858896447 20110508877575.727 
190 0.4159058761809257 0.0002593331745674605 0.000722425610126426 0.5831123650343805 20110508877575.734 
191 0.4158155008149521 0.00024683953023855976 0.0006877285036473055 0.5832499311511621 20110508877575.73 
192 0.4157294834590776 0.00023494459736723983 0.0006546841251962935 0.583380887818359 20110508877575.72 
193 0.41564761484902774 0.000223619986190999 0.0006232150446670594 0.5835055501201142 20110508877575.746 
194 0.4155696956840692 0.00021283862453900707 0.0005932473371428551 0.5836242183542489 20110508877575.74 
195 0.4154955361606879 0.00020257469941567781 0.0005647104358981553 0.5837371787039982 20110508877575.754 
196 0.41542495552735176 0.00019280360090841368 0.0005375369904242308 0.5838447038813155 20110508877575.773 
197 0.41535778165943504 0.0001835018683538993 0.0005116627294257152 0.5839470537427853 20110508877575.777 
198 0.41529385065346647 0.00017464713869616856 0.0004870263287204651 0.5840444758791169 20110508877575.734 
199 0.4152330064398943 0.00016621809696906414 0.000463569283963252 0.5841372061791734 20110508877575.734 
200 0.4151751004135834 0.00015819442883524627 0.0004412357881032586 0.5842254693694781 20110508877575.773 
201 0.4151199910812559 0.00015055677511408014 0.0004199726134769927 0.584309479530153 20110508877575.676 
202 0.4150675437251632 0.0001432866882309673 0.0003997289984311965 0.5843894405881745 20110508877575.773 
203 0.41501763008228826 0.00013636659052134248 0.0003804565383647012 0.5844655467888257 20110508877575.652 
204 0.4149701280383806 0.0001297797343232742 0.00036210908107372255 0.5845379831462223 20110508877575.715 
205 0.4149249213361813 0.00012351016379367094 0.00034464262628183725 0.5846069258737432 20110508877575.746 
206 0.4148818992972147 0.00011754267838419397 0.00032801522923343103 0.5846725427951678 20110508877575.74 
207 0.41484095655652886 0.00011186279791425447 0.00031218690822790336 0.5847349937373291 20110508877575.727 
208 0.4148019928098221 0.00010645672917985061 0.00029711955597106225 0.584794430905027 20110508877575.754 
209 0.4147649125723838 0.0001013113340384891 0.00028277685462009067 0.5848509992389577 20110508877575.74 
210 0.41472962494933807 9.641409891191681e-05 0.00026912419439864516 0.5849048367573513 20110508877575.68 
211 0.41469604341667154 9.175310565002245e-05 0.0002561285956598024 0.5849560748820186 20110508877575.734 
212 0.4146640856125115 8.731700370086869e-05 0.00024375863427559798 0.585004838749512 20110508877575.742 
213 0.41463367313829563 8.309498353344989e-05 0.00023198437023376077 0.5850512475079372 20110508877575.766 
214 0.4146047313692609 7.907675126146675e-05 0.00022077727932406604 0.5850954146001537 20110508877575.727 
215 0.414577189273881 7.525250441803787e-05 0.00021011018779899863 0.5851374480339019 20110508877575.777 
216 0.4145509792418684 7.161290883297751e-05 0.00019995720989585464 0.5851774506394027 20110508877575.746 
217 0.4145260369202888 6.81490765658689e-05 0.0001902936881099039 0.5852155203150355 20110508877575.754 
218 0.41450230105744224 6.485254484985993e-05 0.00018109613611106692 0.5852517502615969 20110508877575.727 
219 0.4144797133541619 6.171525600268532e-05 0.0001723421841993678 0.5852862292056361 20110508877575.68 
220 0.4144582183221545 5.8729538263021855e-05 0.00016401052719726154 0.5853190416123852 20110508877575.742 
221 0.4144377631490973 5.588808751186494e-05 0.0001560808746800373 0.5853502678887108 20110508877575.71 
222 0.41441829757011905 5.3183949840113784e-05 0.00014853390344839908 0.5853799845765925 20110508877575.78 
223 0.4143997737454316 5.061050492507611e-05 0.00014135121215037684 0.585408264537493 20110508877575.76 
224 0.41438214614377733 4.81614501800574e-05 0.00013451527796281665 0.5854351771280797 20110508877575.723 
225 0.4143653714314374 4.583078564260385e-05 0.0001280094152456082 0.5854607883676745 20110508877575.73 
226 0.4143494083665341 4.361279956837918e-05 0.00012181773608488409 0.5854851610978126 20110508877575.695 
227 0.4143342176983937 4.150205469897164e-05 0.00011592511264436267 0.585508355134263 20110508877575.74 
228 0.41431976207170385 3.949337517324433e-05 0.00011031714124690112 0.585530427411876 20110508877575.742 
229 0.41430600593526146 3.7581834053095955e-05 0.0001049801081112472 0.5855514321225742 20110508877575.78 
230 0.41429291545509833 3.576274143571882e-05 9.9900956671738e-05 0.5855714208467941 20110508877575.754 
231 0.41428045843174677 3.403163312562156e-05 9.506725641149207e-05 0.5855904426787161 20110508877575.7 
232 0.4142686042214863 3.2384259840813336e-05 9.046717314230385e-05 0.5856085443455306 20110508877575.727 
233 0.41425732366136275 3.0816576928659723e-05 8.608944066709572e-05 0.5856257703210416 20110508877575.766 
234 0.4142465889977861 2.932473456795372e-05 8.19233337633127e-05 0.5856421629338826 20110508877575.74 
235 0.4142363738185898 2.790506843478716e-05 7.79586424281465e-05 0.5856577624705472 20110508877575.73 
236 0.41422665298830336 2.6554090810773977e-05 7.418564732886484e-05 0.5856726072735572 20110508877575.71 
237 0.4142174025865941 2.5268482113121526e-05 7.059509640387722e-05 0.585686733834889 20110508877575.76 
238 0.4142085998496186 2.404508282695744e-05 6.717818256240748e-05 0.585700176884992 20110508877575.746 
239 0.4142002231142004 2.288088582117847e-05 6.392652243283707e-05 0.5857129694775455 20110508877575.8 
240 0.41419225176471414 2.177302902994075e-05 6.083213611189767e-05 0.5857251430701441 20110508877575.73 
241 0.4141846661825105 2.0718788482690994e-05 5.788742786892089e-05 0.5857367276011379 20110508877575.734 
242 0.4141774476977822 1.9715571666429313e-05 5.5085167761327066e-05 0.58574775156279 20110508877575.734 
243 0.414170578543706 1.8760911204613275e-05 5.2418474119415574e-05 0.5857582420709702 20110508877575.746 
244 0.4141640418128885 1.78524588378303e-05 4.988079686035805e-05 0.5857682249314132 20110508877575.742 
245 0.4141578214157925 1.6987979692039677e-05 4.746590159303725e-05 0.5857777247029223 20110508877575.77 
246 0.41415190204125757 1.616534682083297e-05 4.5167854477069006e-05 0.5857867647574446 20110508877575.695 
247 0.4141462691188708 1.5382536008781064e-05 4.2981007800960873e-05 0.5857953673373194 20110508877575.72 
248 0.4141409087831819 1.4637620823534912e-05 4.089998624592541e-05 0.5858035536097487 20110508877575.715 
249 0.4141358078396237 1.3928767904908448e-05 3.891967380335164e-05 0.5858113437186679 20110508877575.73 
250 0.41413095373208714 1.3254232479720784e-05 3.703520131538121e-05 0.5858187568341178 20110508877575.734 
251 0.4141263345120531 1.2612354091693306e-05 3.524193460940745e-05 0.5858258111992459 20110508877575.707 
252 0.41412193880922027 1.2001552536190949e-05 3.353546319863507e-05 0.5858325241750449 20110508877575.76 
253 0.41411775580355187 1.1420323990078341e-05 3.191158952210422e-05 0.5858389122829359 20110508877575.76 
254 0.41411377519865433 1.0867237327404749e-05 3.0366318698790276e-05 0.5858449912453195 20110508877575.77 
255 0.41410998719647696 1.034093061207822e-05 2.889584877155194e-05 0.5858507760241394 20110508877575.727 
256 0.4141063824731855 9.840107759090189e-06 2.749656141781198e-05 0.5858562808576377 20110508877575.77 
257 0.4141029521562401 9.363535356257638e-06 2.6165013104914707e-05 0.5858615192952987 20110508877575.7 
258 0.41409968780256196 8.910039638818411e-06 2.4897926669117504e-05 0.5858665042311301 20110508877575.742 
259 0.41409658137775684 8.47850360958296e-06 2.36921832981571e-05 0.5858712479353353 20110508877575.758 
260 0.4140936252363519 8.067864297685353e-06 2.2544814898243495e-05 0.5858757620844522 20110508877575.75 
261 0.4140908121029651 7.677110149303301e-06 2.145299682723779e-05 0.5858800577900585 20110508877575.703 
262 0.41408813505442305 7.305278544034575e-06 2.0414040976610358e-05 0.5858841456260563 20110508877575.758 
263 0.414085587502681 6.951453430912034e-06 1.942538918559176e-05 0.5858880356547024 20110508877575.69 
264 0.41408316317864996 6.614763078324557e-06 1.8484606971697578e-05 0.5858917374513 20110508877575.797 
265 0.41408085611673306 6.2943779323853376e-06 1.7589377562556663e-05 0.5858952601277719 20110508877575.66 
266 0.4140786606401444 5.9895085785444325e-06 1.673749621466911e-05 0.5858986123550624 20110508877575.676 
267 0.4140765713469451 5.699403801493391e-06 1.592686480540681e-05 0.5859018023844479 20110508877575.79 
268 0.4140745830967205 5.423348738641552e-06 1.5155486685199658e-05 0.5859048380678555 20110508877575.74 
269 0.4140726909979339 5.160663122671061e-06 1.4421461777475847e-05 0.5859077268771657 20110508877575.77 
270 0.4140708903958885 4.910699608890377e-06 1.3722981914507717e-05 0.585910475922588 20110508877575.777 
271 0.41406917686124 4.67284218330931e-06 1.305832639787124e-05 0.5859130919701788 20110508877575.707 
272 0.41406754617911834 4.446504647555691e-06 1.2425857772766623e-05 0.5859155814584613 20110508877575.734 
273 0.41406599433872315 4.231129176935592e-06 1.1824017805950752e-05 0.585917950514294 20110508877575.74 
274 0.41406451752345086 4.026184948118777e-06 1.1251323657523081e-05 0.5859202049679435 20110508877575.71 
275 0.41406311210150226 3.831166833097059e-06 1.0706364237266196e-05 0.5859223503674273 20110508877575.707 
276 0.41406177461691845 3.6455941562252107e-06 1.018779673668518e-05 0.5859243919921886 20110508877575.723 
277 0.4140605017810844 3.4690095113055668e-06 9.694343328311718e-06 0.585926334866076 20110508877575.79 
278 0.414059290464629 3.300977635823618e-06 9.224788024237244e-06 0.585928183769711 20110508877575.76 
279 0.41405813768969607 3.141084339580641e-06 8.777973686227622e-06 0.5859299432522782 20110508877575.773 
280 0.41405704062262405 2.9889354851011024e-06 8.352799180129864e-06 0.5859316176427105 20110508877575.746 
281 0.4140559965669682 2.844156017318632e-06 7.948216667633893e-06 0.5859332110603469 20110508877575.76 
282 0.41405500295683534 2.70638904016362e-06 7.563229028782388e-06 0.5859347274250958 20110508877575.74 
283 0.4140540573505962 2.5752949377910685e-06 7.196887408936143e-06 0.585936170467057 20110508877575.695 
284 0.41405315742482707 2.450550538293613e-06 6.8482888842040655e-06 0.5859375437357505 20110508877575.75 
285 0.41405230096863005 2.331848317850835e-06 6.516574239635466e-06 0.5859388506088123 20110508877575.72 
286 0.4140514858781466 2.218895643362258e-06 6.200925854740329e-06 0.5859400943003553 20110508877575.715 
287 0.41405071015140343 2.111414051706839e-06 5.900565691169647e-06 0.5859412778688536 20110508877575.773 
288 0.414049971883358 2.0091385638604535e-06 5.614753377630629e-06 0.5859424042247006 20110508877575.703 
289 0.41404926926121677 1.911817032187679e-06 5.342784387350631e-06 0.5859434761373639 20110508877575.74 
290 0.41404860055996784 1.8192095193064879e-06 5.0839883036271715e-06 0.5859444962422092 20110508877575.67 
291 0.4140479641381165 1.7310877069997288e-06 4.837727169215982e-06 0.5859454670470072 20110508877575.734 
292 0.4140473584336711 1.6472343337228871e-06 4.603393915513631e-06 0.5859463909380797 20110508877575.742 
293 0.41404678196025024 1.5674426593254018e-06 4.3804108676835845e-06 0.5859472701862228 20110508877575.71 
294 0.4140462333034611 1.4915159556712651e-06 4.168228322062265e-06 0.5859481069522611 20110508877575.742 
295 0.41404571111739213 1.419267021906953e-06 3.966323192356022e-06 0.5859489032923936 20110508877575.77 
296 0.41404521412130096 1.3505177231850649e-06 3.7741977213078426e-06 0.5859496611632545 20110508877575.758 
297 0.4140447410964557 1.2850985517104935e-06 3.5913782546732164e-06 0.585950382426738 20110508877575.77 
298 0.4140442908831432 1.222848209029267e-06 3.417414074496409e-06 0.5859510688545733 20110508877575.734 
299 0.41404386237779806 1.163613208533433e-06 3.251876288822463e-06 0.5859517221327045 20110508877575.766 
300 0.41404345453028923 1.1072474972043687e-06 3.094356775119515e-06 0.5859523438654385 20110508877575.71 
