0 0.9969178057909355 0.0030821942090645863 0.0 0.0 20084301075199.74 
1 0.9967297491755237 0.0019621504946857036 0.000990985098326113 0.00031711523146435623 20082759165503.12 
2 0.9962648794713297 0.0014504478197378398 0.0014888094451005786 0.0007958632638319321 20082761649917.07 
3 0.995600546550673 0.0012758564235204183 0.0017666453044609747 0.0013569517213455698 20083169687737.56 
4 0.9948024949792912 0.0012561527102641103 0.0019647873503718643 0.001976564960072938 20083602891538.504 
5 0.9939018830541847 0.0013061163594085732 0.002141185650408817 0.0026508149359978895 20083959834072.17 
6 0.9929107408004412 0.00138949557626355 0.002318284778083954 0.0033814788452112606 20084232132295.113 
7 0.9918317939944216 0.001491478840615492 0.002504830561530237 0.004171896603432611 20084436206231.402 
8 0.9906630620683183 0.0016062734489286194 0.00270456404747898 0.005026100435274228 20084590578995.504 
9 0.9893999349897818 0.0017318590986170103 0.0029194897462486266 0.005948716165352541 20084709864258.38 
10 0.9880361682121682 0.0018678047694390587 0.0031510616525667326 0.006944965365825991 20084804289576.06 
11 0.9865644040876641 0.0020143564751275746 0.003400595775373227 0.008020643661835193 20084880674514.09 
12 0.9849764658806387 0.002172051800795789 0.003669402932390431 0.009182079386175074 20084943512674.938 
13 0.9832635296187004 0.0023415546974681237 0.003958824416665953 0.010436091267165408 20084995805096.188 
14 0.981416224825055 0.002523583217260317 0.004270236262423072 0.01178995569526157 20085039622489.445 
15 0.9794246928069488 0.0027188765405700543 0.004605044485394039 0.013251386167087225 20085076459475.887 
16 0.9772786205432501 0.0029281782965763312 0.004964677994187366 0.014828523165986268 20085107448943.504 
17 0.9749672622768423 0.0031522261258681225 0.0053505805034928505 0.016529931093796787 20085133488729.773 
18 0.9724794571867402 0.0033917429957750164 0.005764201158307416 0.01836459865917732 20085155315766.91 
19 0.969803649035691 0.003647428212057148 0.0062069832392202895 0.020341939513031603 20085173549751.19 
20 0.9669279120203815 0.003919947157704518 0.006680350365707842 0.022471790456205936 20085188719562.418 
21 0.9638399859366596 0.0042099192895784275 0.007185689741729494 0.024764405032032425 20085201280092.62 
22 0.9605273230350153 0.004517904165779233 0.007724332106832049 0.02723044069237337 20085211623790.258 
23 0.9569771484516086 0.0048443854072161745 0.008297528152338186 0.029880937988836925 20085220089269.68 
24 0.9531765357590475 0.005189752582771711 0.008906421244203534 0.03272729041397722 20085226968232.35 
25 0.9491124989149043 0.005554281080380031 0.009552016374111669 0.035781203630603935 20085232511340.242 
26 0.9447721016388848 0.005938110101823377 0.010235145349240473 0.03905464291005135 20085236933363.402 
27 0.9401425849798073 0.006341219004828354 0.010956428337173578 0.04255976767819068 20085240417758.125 
28 0.9352115135099818 0.006763402315672217 0.011716232011383328 0.04630885216296273 20085243120757.02 
29 0.9299669401844327 0.007204243849895449 0.012514624697989892 0.05031419126768181 20085245175015.17 
30 0.9243975894103933 0.007663090506686298 0.013351329107315377 0.05458799097560497 20085246692848.18 
31 0.9184930572802292 0.00813902644091808 0.014225673442978521 0.059142242835874215 20085247769088.88 
32 0.9122440272276293 0.008630848460529519 0.015136541913232299 0.06398858239860881 20085248483594.508 
33 0.9056424985797621 0.009137043638659706 0.016082325917353944 0.06913813186422434 20085248903434.867 
34 0.8986820246136648 0.00965577026025073 0.017060877434359724 0.07460132769172485 20085249084792.266 
35 0.8913579558100664 0.01018484333024613 0.018069466388905293 0.08038773447078215 20085249074602.18 
36 0.8836676830693632 0.010721725941875015 0.019104743993289736 0.08650584699547194 20085248911967.64 
37 0.875610874760501 0.011263527824640665 0.02016271424525152 0.09296288316960666 20085248629371.086 
38 0.8671897006717291 0.011807012348209172 0.02123871587651416 0.09976457110354751 20085248253710.68 
39 0.8584090352874538 0.012348613137389386 0.022327417073459355 0.10691493450169744 20085247807184.81 
40 0.8492766323969247 0.012884461244533242 0.023422825205977126 0.11441608115256478 20085247308043.992 
41 0.8398032629163803 0.013410423523290313 0.02451831358329413 0.12226799997703516 20085246771229.24 
42 0.8300028080379819 0.013922152452408638 0.025606666891446764 0.1304683726181627 20085246208912.887 
43 0.8198923004540976 0.014415147178734104 0.0266801464491029 0.13901240591806532 20085245630955.734 
44 0.8094919074713522 0.014884825002272301 0.02773057575017097 0.14789269177620454 20085245045293.246 
45 0.7988248513253483 0.015326601939857321 0.028749445959312094 0.15709910077548234 20085244458261.15 
46 0.7879172639021633 0.01573598041280497 0.029728040120120817 0.16661871556491084 20085243874868.78 
47 0.776797975300484 0.01610864154962994 0.03065757386920986 0.1764358092806761 20085243299029.562 
48 0.7654982381286394 0.01644053912256127 0.03152934947871427 0.18653187327008502 20085242733753.734 
49 0.7540513919953596 0.016727991790642188 0.032334919139646694 0.19688569707435155 20085242181309.695 
50 0.7424924751724518 0.016967770141681535 0.03306625261797003 0.20747350206789672 20085241643359.812 
51 0.7308577927229815 0.01715717503919229 0.033715903830979076 0.21826912840684728 20085241121072.582 
52 0.719184452346318 0.017294104003390296 0.0342771705615631 0.22924427308872855 20085240615216.95 
53 0.7075098806558427 0.01737710278492627 0.03474424149495155 0.24036877506427948 20085240126240.074 
54 0.6958713334728687 0.017405399905686285 0.03511232504851432 0.2516109415729306 20085239654332.645 
55 0.6843054139305262 0.0173789227049523 0.035377755067700675 0.2629379082968209 20085239199481.97 
56 0.6728476117211447 0.017298294289675758 0.035538069352228495 0.27431602463695093 20085238761516.77 
57 0.6615318757274771 0.017164811683668353 0.035592058104203454 0.28571125448465096 20085238340142.87 
58 0.6503902306348759 0.01698040633819397 0.03553978068225116 0.29708958234467875 20085237934973.95 
59 0.6394524460479547 0.016747588945174027 0.035382550418121904 0.3084174145887495 20085237545555.1 
60 0.628745764276326 0.016469381132691526 0.03512288861428783 0.3196619659766947 20085237171383.207 
61 0.6182946904656845 0.01614923708336287 0.034764450105651906 0.3307916223453006 20085236811922.59 
62 0.6081208462848763 0.015790958378869402 0.034311923859127035 0.3417762714771272 20085236466618.04 
63 0.5982428860746335 0.015398605435458346 0.033770912942100495 0.3525875955478077 20085236134905.457 
64 0.588676472330791 0.014976408768836063 0.03314779877633274 0.3631993201240401 20085235816218.848 
65 0.5794343057149424 0.014528683039287173 0.03244959489213497 0.37358741635363557 20085235509998.105 
66 0.5705262035060011 0.014059746415276478 0.03168379541524148 0.38373025466348076 20085235215692.504 
67 0.5619592195412453 0.013573847297400549 0.030858223281350954 0.3936087098800032 20085234932765.42 
68 0.5537377982316224 0.013075099906238574 0.02998088272157168 0.40320621914056737 20085234660696.535 
69 0.5458639551363594 0.012567429696209734 0.029059819946292746 0.41250879522113804 20085234398983.656 
70 0.5383374767935494 0.012054529045917842 0.028102995230182073 0.4215049989303506 20085234147144.35 
71 0.5311561329642082 0.011539823218990079 0.02711816882137877 0.43018587499542305 20085233904716.207 
72 0.5243158950920632 0.011026446205165043 0.02611280231328135 0.4385448563894905 20085233671257.73 
73 0.5178111555468763 0.010517225748366143 0.02509397636987115 0.4465776423348865 20085233446348.004 
74 0.5116349430481498 0.010014676648603938 0.02406832501824512 0.4542820552850012 20085233229586.42 
75 0.5057791305094961 0.009521001283900633 0.023041986137931975 0.46165788206867125 20085233020592.85 
76 0.5002346323626912 0.009038096228911477 0.022020567299007608 0.4687067041093897 20085232819006.234 
77 0.49499158918471514 0.008567563837763288 0.02100912573462231 0.4754317212428993 20085232624484.547 
78 0.49003953814113294 0.00811072769776388 0.020012160975782782 0.48183757318532056 20085232436704.062 
79 0.48536756836269407 0.00766865093587921 0.019033618518954264 0.4879301621824725 20085232255358.004 
80 0.48096446088444145 0.00724215645976275 0.01807690282837493 0.49371647982742084 20085232080156.47 
81 0.47681881319817015 0.00683184832952298 0.01714489798072582 0.4992044404915811 20085231910825.246 
82 0.4729191488042292 0.006438133576814729 0.0162399943249787 0.5044027232939774 20085231747105.15 
83 0.469254012404928 0.006061243907517929 0.015364119640057662 0.5093206240474962 20085231588750.69 
84 0.46581205156763916 0.005701256838170956 0.014518773413676774 0.5139679181805131 20085231435530.26 
85 0.46258208581123794 0.005358115920998686 0.01370506302518212 0.5183547352425812 20085231287224.66 
86 0.4595531641438822 0.005031649805682757 0.012923740783156234 0.5224914452672788 20085231143626.508 
87 0.45671461211331343 0.0047215899669321324 0.012175240936622343 0.5263885569831321 20085231004539.66 
88 0.4540560694307127 0.004427586995255481 0.011459715940521448 0.5300566276335105 20085230869778.344 
89 0.4515675192038856 0.004149225404551804 0.010777071407134513 0.5335061839844282 20085230739166.918 
90 0.4492393097713499 0.0038860369551049537 0.010126999312207927 0.5367476539613373 20085230612538.83 
91 0.4470621700718327 0.0036375125254240236 0.009509009146001071 0.5397913082567422 20085230489736.21 
92 0.44502721941786266 0.0034031125923760738 0.008922456804613808 0.5426472111851475 20085230370609.75 
93 0.44312597247173274 0.0031822763975116342 0.008366571105918296 0.5453251800248374 20085230255017.08 
94 0.44135034014993973 0.0029744298896360074 0.007840477887953062 0.5478347520724713 20085230142823.832 
95 0.4396926271103092 0.0027789925406989137 0.007343221706885501 0.5501851586421063 20085230033901.84 
96 0.4381455264064796 0.002595383135012242 0.006873785198014575 0.5523853052604937 20085229928129.594 
97 0.4367021118279932 0.002423024631580803 0.006431106198295099 0.5544437573421308 20085229825391.33 
98 0.4353558283820548 0.0022613481967357074 0.006014092754074091 0.5563687306671354 20085229725577.156 
99 0.43410048131540485 0.002109796499952436 0.005621636154653229 0.5581680860299895 20085229628582.22 
100 0.4329302240218571 0.0019678263602647514 0.005252622142343924 0.5598493274755344 20085229534306.7 
101 0.43183954513314415 0.001834910824484496 0.004905940454169588 0.5614196035882018 20085229442655.26 
102 0.43082325504753227 0.0017105407518550732 0.004580492850440496 0.5628857113501721 20085229353537.223 
103 0.4298764721120299 0.0015942259730667358 0.004275199782099548 0.5642541021328039 20085229266865.832 
104 0.42899460863976474 0.0014854960849444625 0.003989005842873164 0.5655308894324176 20085229182558.29 
105 0.42817335691390895 0.0013839009357296981 0.003720884144592789 0.5667218580057685 20085229100535.38 
106 0.4274086753029291 0.0012890108498133201 0.00346983974517944 0.5678324741020782 20085229020721.477 
107 0.4266967745889104 0.0012004166351055378 0.003234912249199987 0.568867896526784 20085228943043.96 
108 0.4260341045905826 0.0011177294109844292 0.0030151776909916115 0.5698329883074414 20085228867433.496 
109 0.42541734114542157 0.001040580289964931 0.0028097498004214334 0.5707323287641922 20085228793823.617 
110 0.4248433735003072 0.0009686199418741407 0.0026177807416238913 0.5715702258161948 20085228722150.47 
111 0.42430929214764357 0.0009015180653952909 0.0024384614057111277 0.5723507283812501 20085228652352.895 
112 0.42381237713306313 0.0008389627883322721 0.0022710213295979564 0.5730776387490066 20085228584372.34 
113 0.4233500868518008 0.000780660014824931 0.0021147283047989107 0.5737545248285755 20085228518152.18 
114 0.4229200473433343 0.0007263327349837491 0.0019688877323843987 0.5743847321892975 20085228453638.305 
115 0.4225200420875681 0.0006757203099833478 0.0018328417732462964 0.5749713958292022 20085228390778.67 
116 0.42214800230067834 0.0006285777435264915 0.0017059683364171888 0.575517451619378 20085228329523.18 
117 0.42180199772466426 0.0005846749487354952 0.0015876799423983376 0.5760256473842019 20085228269823.562 
118 0.42148022790111006 0.0005437960179188938 0.0014774224932529536 0.5764985535877181 20085228211633.316 
119 0.42118101391721 0.0005057385012705754 0.0013746739765812946 0.5769385736049382 20085228154907.855 
120 0.42090279060995023 0.00047031269936260154 0.001278943126374662 0.5773479535643126 20085228099604.066 
121 0.4206440992127992 0.00043734097326893185 0.001189768060107839 0.5777287917538241 20085228045680.367 
122 0.42040358042825604 0.0004066570752843314 0.001106714908232483 0.5780830475882273 20085227993096.703 
123 0.42017996790875967 0.0003781055024627087 0.0010293764494394733 0.578412550139338 20085227941814.465 
124 0.41997208212805687 0.0003515408745744541 0.0009573707626241765 0.5787190062347445 20085227891796.22 
125 0.4197788246249833 0.00032682733755895216 0.0008903399043818275 0.579004008133076 20085227843006.035 
126 0.41959917260152907 0.0003038379931120036 0.0008279486190428194 0.5792690407863161 20085227795409.105 
127 0.41943217385732995 0.0002824543546868173 0.0007698830866991639 0.579515488701284 20085227748971.902 
128 0.41927694204294286 0.0002625658298916555 0.0007158497133429756 0.5797446424138225 20085227703661.66 
129 0.4191326522148127 0.00024406922902663237 0.0006655739661088586 0.5799577045900518 20085227659447.27 
130 0.4189985366751004 0.00022686829930974205 0.000618799255659554 0.5801557957699304 20085227616298.113 
131 0.4188738810804087 0.00021087328419007228 0.0005752858669553336 0.5803399597684459 20085227574184.99 
132 0.41875802080372454 0.00019600050702840786 0.000534809938983967 0.580511168750263 20085227533079.195 
133 0.4186503375347782 0.00018217197833684842 0.0004971624934793344 0.5806703279934056 20085227492953.44 
134 0.4185502561044736 0.00016931502570467416 0.00046214851220966445 0.580818280357612 20085227453781.016 
135 0.4184572415198762 0.00015736194549385957 0.0004295860620547615 0.5809558104725753 20085227415536.023 
136 0.4183707961967261 0.00014624967536062088 0.0003993054668044268 0.5810836486611088 20085227378193.477 
137 0.4182904573772394 0.00013591948664639028 0.0003711485243859403 0.5812024746117284 20085227341729.098 
138 0.41821579472151166 0.00012631669568006403 0.00034496776805794223 0.5813129208147503 20085227306119.57 
139 0.41814640806150954 0.00011739039304101117 0.00032062576998247876 0.581415575775467 20085227271342.06 
140 0.41808192530723076 0.00010909318984751204 0.00029799448549981385 0.5815109870174219 20085227237374.39 
141 0.4180220004951926 0.00010138098015622972 0.00027695463637478457 0.5815996638882763 20085227204195.168 
142 0.41796631196999656 9.421271858388239e-05 0.0002573951312545725 0.581682080180165 20085227171783.81 
143 0.4179145606902368 8.755021229119001e-05 0.00023921252156988706 0.5817586765759021 20085227140120.133 
144 0.41786646865058374 8.135792650065029e-05 0.00022231049112205985 0.5818298629317934 20085227109184.344 
145 0.41782177741229953 7.560280275282008e-05 0.00020659937762277581 0.5818960204073249 20085227078957.758 
146 0.4177802467349862 7.025408914008135e-05 0.0001919957244891747 0.5819575034513844 20085227049421.926 
147 0.41774165330280366 6.528318179155738e-05 0.00017842186124160647 0.5820146416541633 20085227020558.97 
148 0.4177057895387782 6.066347691783311e-05 0.00016580551090290398 0.582067741473401 20085226992351.49 
149 0.4176724625012487 5.6370232758704255e-05 0.00015407942285453782 0.5821170878431381 20085226964782.715 
150 0.41764149285692787 5.23804408113615e-05 0.00014318102966496998 0.5821629456725959 20085226937836.227 
151 0.41761271392532423 4.867270574976269e-05 0.0001330521264679889 0.5822055612424579 20085226911496.15 
152 0.4175859707896904 4.5227133478439984e-05 0.000123638571532327 0.5822451635052988 20085226885747.1 
153 0.41756111946992636 4.2025226795396785e-05 0.00011489000672801874 0.5822819652965502 20085226860574.027 
154 0.4175380261531947 3.90497881690376e-05 0.0001067595966586909 0.5823161644619775 20085226835962.516 
155 0.4175165664783023 3.628482916315535e-05 9.920378529215199e-05 0.5823479449072422 20085226811898.066 
156 0.41749662487010075 3.371548607181977e-05 9.218206898329021e-05 0.5823774775748441 20085226788367.35 
157 0.417478093920511 3.1327941352589994e-05 8.565678484370768e-05 0.5824049213532927 20085226765356.758 
158 0.41746087381287567 2.910935047174827e-05 7.959291347079027e-05 0.5824304239231817 20085226742853.215 
159 0.4174448717867079 2.704777379928237e-05 7.39578951053636e-05 0.5824541225443876 20085226720844.24 
160 0.4174300016399757 2.513211321412372e-05 6.872145834128786e-05 0.582476144788469 20085226699317.523 
161 0.41741618326636687 2.3352053101695986e-05 6.385546056229328e-05 0.582496609219969 20085226678260.957 
162 0.41740334222502845 2.1698005446207597e-05 5.933373933101258e-05 0.5825156260301942 20085226657663.145 
163 0.4173914093406027 2.0161058739333227e-05 5.51319740024856e-05 0.5825332976266554 20085226637512.69 
164 0.4173803203313697 1.8732930445045127e-05 5.122755687940118e-05 0.5825497191813059 20085226617798.47 
165 0.41737001546357294 1.7405922777404036e-05 4.759947326904808e-05 0.5825649791403805 20085226598510.004 
166 0.4173604392301021 1.6172881564149124e-05 4.4228189842368724e-05 0.5825791596984914 20085226579636.777 
167 0.41735154005178693 1.5027157983979631e-05 4.1095550733771425e-05 0.5825923372394954 20085226561168.688 
168 0.4173432699997782 1.3962572979562293e-05 3.8184680856446843e-05 0.5826045827463857 20085226543095.8 
169 0.4173355845374744 1.2973384161545564e-05 3.547989594199435e-05 0.582615962182422 20085226525408.668 
170 0.41732844228067145 1.205425503128357e-05 3.2966618845226714e-05 0.5826265368454521 20085226508097.84 
171 0.4173218047746154 1.1200226361606854e-05 3.063130168517834e-05 0.5826363636973377 20085226491154.39 
172 0.41731563628683555 1.0406689585858908e-05 2.8461353421713628e-05 0.5826454956701569 20085226474569.195 
173 0.41730990361454634 9.669362055604183e-06 2.644507249372795e-05 0.5826539819509043 20085226458334.094 
174 0.4173045759056855 8.984264036931674e-06 2.457158416993249e-05 0.5826618682461074 20085226442440.258 
175 0.41729962449260044 8.347697324174683e-06 2.283078228660639e-05 0.5826691970277889 20085226426879.78 
176 0.417295022737453 7.756225358177569e-06 2.1213275068649537e-05 0.5826760077621201 20085226411644.75 
177 0.4172907458885819 7.206654743998686e-06 1.971033475079414e-05 0.5826823371219233 20085226396727.414 
178 0.41728677094700745 6.696018070182616e-06 1.831385073505258e-05 0.5826882191841872 20085226382120.074 
179 0.4172830765423634 6.22155793848778e-06 1.7016286038444674e-05 0.5826936856136595 20085226367815.598 
180 0.4172796428176139 5.780712119262573e-06 1.5810636801843366e-05 0.5826987658334649 20085226353806.723 
181 0.4172764513219204 5.371099753537094e-06 1.4690394646472399e-05 0.5827034871836795 20085226340086.656 
182 0.4172734849110894 4.990508528377045e-06 1.3649511679237652e-05 0.5827078750687029 20085226326648.473 
183 0.4172707276550499 4.636882757152605e-06 1.2682367961760592e-05 0.5827119530942311 20085226313485.656 
184 0.4172681647518979 4.308312301134455e-06 1.1783741270747735e-05 0.5827157431945303 20085226300591.836 
185 0.4172657824479956 4.003022273258025e-06 1.0948778989236092e-05 0.5827192657507418 20085226287960.6 
186 0.41726356796375486 3.7193634690292504e-06 1.0172971979369909e-05 0.5827225397007967 20085226275585.938 
187 0.41726150942465356 3.455803473387589e-06 9.452130297713222e-06 0.5827255826415753 20085226263461.918 
188 0.4172595957971337 3.210918395922392e-06 8.782360623762177e-06 0.5827284109238468 20085226251582.773 
189 0.41725781682905183 2.9833851901710765e-06 8.160045281314173e-06 0.5827310397404768 20085226239942.8 
190 0.4172561629943329 2.7719745158295285e-06 7.581822740735598e-06 0.5827334832084107 20085226228536.516 
191 0.4172546254415374 2.57554410559252e-06 7.044569497974086e-06 0.582735754444859 20085226217358.64 
192 0.4172531959460914 2.39303260102811e-06 6.5453832334386755e-06 0.5827378656380742 20085226206403.902 
193 0.41725186686588445 2.223453824389779e-06 6.08156716063718e-06 0.5827398281131306 20085226195667.215 
194 0.41725063109999905 2.0658914555961587e-06 5.6506154807689255e-06 0.5827416523930646 20085226185143.734 
195 0.4172494820503888 1.9194940857719795e-06 5.250199865337195e-06 0.5827433482556601 20085226174828.31 
196 0.41724841358625947 1.7834706207555778e-06 4.87815689430991e-06 0.5827449247862255 20085226164716.51 
197 0.4172474200109641 1.6570860098517013e-06 4.5324763824389345e-06 0.5827463904266436 20085226154803.773 
198 0.41724649603125324 1.5396572768483834e-06 4.211290531082158e-06 0.5827477530209387 20085226145085.46 
199 0.4172456367286962 1.4305498319360272e-06 3.912863847269154e-06 0.5827490198576244 20085226135557.3 
200 0.4172448375331409 1.3291740446733018e-06 3.6355837758518188e-06 0.5827501977090386 20085226126214.934 
201 0.4172440941980273 1.2349820595434062e-06 3.37795199438545e-06 0.5827512928679188 20085226117054.332 
202 0.4172434027774782 1.1474648369472608e-06 3.1385763239331983e-06 0.5827523111813611 20085226108071.49 
203 0.41724275960499063 1.0661494036899604e-06 2.9161632122794032e-06 0.5827532580823933 20085226099262.3 
204 0.41724216127364755 9.905962981421967e-07 2.709510749104491e-06 0.582754138619305 20085226090622.95 
205 0.41724160461773696 9.203971963053018e-07 2.5175021755232016e-06 0.5827549574828913 20085226082149.773 
206 0.4172410866956516 8.551727059801144e-07 2.339099853039435e-06 0.5827557190317896 20085226073839.055 
207 0.41724060477402625 7.945703171449722e-07 2.1733396594343907e-06 0.5827564273159972 20085226065687.27 
208 0.4172401563129761 7.382624974882501e-07 2.019325781398298e-06 0.5827570860987449 20085226057690.79 
209 0.4172397389524019 6.85944922821826e-07 1.8762258758442448e-06 0.5827576988767994 20085226049846.47 
210 0.417239350499245 6.37334832828824e-07 1.7432665738256366e-06 0.5827582688993485 20085226042150.83 
211 0.4172389889156678 5.921695032730767e-07 1.6197293028191543e-06 0.5827587991855261 20085226034600.586 
212 0.4172386523080344 5.502048264257927e-07 1.5049464048470604e-06 0.5827592925407342 20085226027192.69 
213 0.4172383389167312 5.112139920476577e-07 1.3982975295049958e-06 0.5827597515717473 20085226019924.117 
214 0.4172380471066339 4.749862618067471e-07 1.2992062824395204e-06 0.5827601787008218 20085226012791.727 
215 0.4172377753583295 4.413258305160526e-07 1.2071371111957551e-06 0.5827605761787288 20085226005792.562 
216 0.41723752225988436 4.100507680427756e-07 1.1215924116329e-06 0.5827609460969361 20085225998923.98 
217 0.4172372864992592 3.8099203617646793e-07 1.0421098392938202e-06 0.5827612903988654 20085225992182.977 
218 0.417237066857218 3.5399257514734417e-07 9.682598112187462e-07 0.5827616108903956 20085225985567.01 
219 0.41723686220076506 3.2890645486194094e-07 8.996431847197286e-07 0.5827619092495955 20085225979073.29 
220 0.41723667147702365 3.0559808627228735e-07 8.358891005856537e-07 0.5827621870357895 20085225972699.168 
221 0.4172364937075697 2.839414886194239e-07 7.766529790750728e-07 0.5827624456979626 20085225966442.3 
222 0.4172363279831732 2.638196085934904e-07 7.21614657876768e-07 0.5827626865825604 20085225960300.027 
223 0.4172361734588656 2.451236877328223e-07 6.704766619845913e-07 0.5827629109407846 20085225954270.21 
224 0.41723602934942355 2.277526746450135e-07 6.229625961439103e-07 0.5827631199353056 20085225948350.117 
225 0.4172358949251067 2.1161267887464786e-07 5.788156511887606e-07 0.5827633146465633 20085225942537.695 
226 0.41723576950775404 1.9661646346746836e-07 5.377972162029626e-07 0.5827634960785664 20085225936830.7 
227 0.41723565246711947 1.826829734895373e-07 4.996855890096114e-07 0.5827636651643181 20085225931226.79 
228 0.41723554321747824 1.697368979541391e-07 4.642747780239927e-07 0.5827638227708457 20085225925724.01 
229 0.41723544121448125 1.5770826278959974e-07 4.3137338899817394e-07 0.582763969703867 20085225920320.125 
230 0.41723534595221984 1.465320526488136e-07 4.008035906436056e-07 0.5827641067121369 20085225915013.16 
231 0.41723525696050767 1.3614785951702518e-07 3.724001535440884e-07 0.5827642344914793 20085225909801.016 
232 0.41723517380234576 1.2649955621920726e-07 3.4600955716693574e-07 0.5827643536885408 20085225904681.938 
233 0.4172350960715854 1.1753499306281476e-07 3.2148916014810247e-07 0.5827644649042614 20085225899653.984 
234 0.4172350233907313 1.0920571597668732e-07 2.987064293684626e-07 0.5827645686971235 20085225894715.043 
235 0.41723495540891664 1.0146670462302168e-07 2.775382236560921e-07 0.582764665586155 20085225889863.684 
236 0.4172348918000361 9.427612906719162e-08 2.5787012824442396e-07 0.5827647560537067 20085225885097.902 
237 0.41723483226095676 8.759512369047841e-08 2.395958363900798e-07 0.5827648405480831 20085225880415.902 
238 0.4172347765099262 8.13875771239226e-08 2.2261657480915284e-07 0.5827649194859218 20085225875816.168 
239 0.4172347242850424 7.561993706809211e-08 2.0684056982727346e-07 0.5827649932544507 20085225871296.9 
240 0.41723467534285946 7.026102894393551e-08 1.921825513586795e-07 0.5827650622135602 20085225866856.62 
241 0.41723462945706896 6.528188739469666e-08 1.7856329203400592e-07 0.5827651266977516 20085225862493.676 
242 0.41723458641729994 6.065559972822996e-08 1.6590917898624037e-07 0.5827651870179213 20085225858206.53 
243 0.4172345460279773 5.635716045364347e-08 1.5415181598085836e-07 0.5827652434630463 20085225853993.727 
244 0.417234508107305 5.2363336126095557e-08 1.432276537399912e-07 0.5827652963017051 20085225849853.68 
245 0.4172344724862389 4.86525397692998e-08 1.3307764646286984e-07 0.582765345783575 20085225845784.977 
246 0.41723443900764245 4.5204714197041914e-08 1.2364693268631913e-07 0.5827653921407107 20085225841786.26 
247 0.4172344075254093 4.200122360311331e-08 1.1488453876056812e-07 0.5827654355888282 20085225837856.14 
248 0.4172343779036943 3.902475283372139e-08 1.067431033378656e-07 0.5827654763284497 20085225833993.34 
249 0.4172343500161889 3.6259213797987085e-08 9.917862138491678e-08 0.5827655145459759 20085225830196.414 
250 0.41723432374543595 3.3689658510696045e-08 9.2150206335673e-08 0.5827655504146992 20085225826464.082 
251 0.4172342989822231 3.130219829731846e-08 8.561986909902008e-08 0.5827655840957096 20085225822795.234 
252 0.4172342756249857 2.908392872461172e-08 7.955231272699517e-08 0.5827656157387727 20085225819188.52 
253 0.41723425357927396 2.7022859851071807e-08 7.39147416337901e-08 0.5827656454831246 20085225815642.74 
254 0.41723423275724103 2.510785142024282e-08 6.867668433443872e-08 0.5827656734582234 20085225812156.75 
255 0.41723421307719016 2.3328552646610638e-08 6.380982874514391e-08 0.5827656997844286 20085225808729.477 
256 0.41723419446312926 2.1675346268630277e-08 5.928786915507929e-08 0.5827657245736554 20085225805359.62 
257 0.41723417684437153 2.0139296566492556e-08 5.5086364042590753e-08 0.5827657479299678 20085225802046.074 
258 0.4172341601551608 1.8712101063673533e-08 5.118260396731624e-08 0.5827657699501343 20085225798788.01 
259 0.4172341443343266 1.7386045651208034e-08 4.755548882421239e-08 0.5827657907241389 20085225795584.23 
260 0.41723412932495957 1.615396289214136e-08 4.41854137960491e-08 0.5827658103356639 20085225792433.66 
261 0.41723411507410196 1.500919328078623e-08 4.105416338797328e-08 0.5827658288625412 20085225789335.336 
262 0.41723410153248536 1.3945549247397447e-08 3.814481297140007e-08 0.5827658463771522 20085225786288.24 
263 0.41723408865425204 1.2957281713704633e-08 3.5441637305089866e-08 0.5827658629468291 20085225783291.46 
264 0.4172340763967334 1.2039049018534064e-08 3.29300255389634e-08 0.582765878634192 20085225780344.08 
265 0.41723406472020835 1.1185888045562039e-08 3.0596402241269944e-08 0.5827658934975014 20085225777445.06 
266 0.4172340535877103 1.039318739714258e-08 2.8428154022242534e-08 0.5827659075909483 20085225774593.66 
267 0.41723404296481564 9.656662469212832e-09 2.6413561357659615e-08 0.5827659209649605 20085225771788.887 
268 0.4172340328194885 8.972332292553129e-09 2.4541735243810967e-08 0.582765933666444 20085225769029.793 
269 0.4172340231218848 8.33649801522705e-09 2.2802558341485228e-08 0.5827659457390587 20085225766315.7 
270 0.41723401384422615 7.745722909897315e-09 2.118663029086815e-08 0.5827659572234206 20085225763645.734 
271 0.41723400496062973 7.196813797954888e-09 1.9685216901769282e-08 0.5827659681573396 20085225761019.05 
272 0.4172339964469898 6.68680379005673e-09 1.8290202944553503e-08 0.5827659785760037 20085225758434.887 
273 0.4172339882808549 6.212936249783056e-09 1.699404828660783e-08 0.5827659885121607 20085225755892.367 
274 0.41723398044130056 5.7726498937355824e-09 1.578974713725677e-08 0.5827659979963025 20085225753390.863 
275 0.4172339729088259 5.363564947542444e-09 1.4670790180847958e-08 0.5827660070568189 20085225750929.54 
276 0.41723396566525933 4.983470282938838e-09 1.3631129393327056e-08 0.5827660157201409 20085225748507.81 
277 0.41723395869365787 4.630311466400568e-09 1.2665145352139688e-08 0.5827660240108854 20085225746124.74 
278 0.41723395197823065 4.302179654730169e-09 1.176761686276383e-08 0.5827660319519729 20085225743779.723 
279 0.4172339455042418 3.997301277575257e-09 1.0933692737703245e-08 0.5827660395647642 20085225741472.246 
280 0.4172339392579634 3.7140284511124994e-09 1.0158865575403997e-08 0.5827660468691425 20085225739201.3 
281 0.41723393322656827 3.4508300710808387e-09 9.438947397366903e-09 0.5827660538836542 20085225736966.51 
282 0.4172339273981024 3.2062835370218866e-09 8.770047011773234e-09 0.5827660606255669 20085225734767.113 
283 0.4172339217614 2.979067062995304e-09 8.148548981270513e-09 0.582766067110984 20085225732602.516 
284 0.41723391630604595 2.7679525332075045e-09 7.571094081237215e-09 0.5827660733549075 20085225730472.047 
285 0.41723391102230845 2.5717988639380125e-09 7.034561142903242e-09 0.5827660793713316 20085225728375.13 
286 0.41723390590109616 2.3895458358834976e-09 6.536050183183838e-09 0.5827660851733077 20085225726311.367 
287 0.41723390093391993 2.2202083635826357e-09 6.0728667300438224e-09 0.5827660907730049 20085225724279.746 
288 0.4172338961128435 2.0628711709469878e-09 5.642507258668209e-09 0.5827660961817781 20085225722280.18 
289 0.4172338914304493 1.916683844119295e-09 5.242645659720701e-09 0.582766101410221 20085225720311.707 
290 0.41723388687980295 1.7808562349184037e-09 4.871120666548615e-09 0.5827661064682201 20085225718374.027 
291 0.4172338824544106 1.6546541900263872e-09 4.525924173378629e-09 0.5827661113650111 20085225716466.527 
292 0.41723387814820007 1.5373955828334673e-09 4.205190381360391e-09 0.582766116109214 20085225714588.62 
293 0.4172338739554918 1.4284466264924157e-09 3.907185713792202e-09 0.5827661207088759 20085225712739.926 
294 0.417233869870959 1.3272184482539142e-09 3.6302994460186085e-09 0.5827661251715233 20085225710919.86 
295 0.4172338658896137 1.233163906567096e-09 3.373034999354766e-09 0.5827661295041875 20085225709127.875 
296 0.417233862006785 1.1457746337408112e-09 3.134001851979049e-09 0.5827661337134385 20085225707363.613 
297 0.4172338582180898 1.0645782881814106e-09 2.9119080230723486e-09 0.5827661378054239 20085225705626.535 
298 0.41723385451941897 9.89136001354679e-10 2.705553089579741e-09 0.5827661417858919 20085225703916.13 
299 0.4172338509069137 9.190400056726466e-10 2.513821697849223e-09 0.5827661456602246 20085225702232.09 
300 0.41723384737695374 8.539114304837183e-10 2.3356775350776258e-09 0.5827661494334574 20085225700573.72 
